111	7	7	40.71749:-73.98558	0	1	Position   
111	7	7	40.7155:-73.97898	0	1	Position   
111	7	7	40.7155:-73.97898	0	1	Position   
111	7	7	40.71533:-73.97834	0	1	Position   
111	7	7	40.71531:-73.97828	0	1	Position   
111	7	7	40.71527:-73.97812	0	1	Position   
111	7	7	40.71519:-73.97784	0	1	Position   
111	7	7	40.71508:-73.97743	0	1	Position   
111	7	7	40.71507:-73.97742	0	1	Position   
111	7	7	40.71486:-73.97668	0	1	Position   
111	7	7	40.71484:-73.97662	0	1	Position   
111	7	7	40.71482:-73.97652	0	1	Position   
111	7	7	40.71478:-73.97639	0	1	Position   
111	7	7	40.71474:-73.97624	0	1	Position   
111	7	7	40.71447:-73.97529	0	1	Position   
111	7	7	40.71444:-73.97521	0	1	Position   
111	7	7	40.7144:-73.97509	0	1	Position   
111	7	7	40.71276:-73.96956	0	1	Position   
111	7	7	40.71263:-73.96913	0	1	Position   
111	7	7	40.71256:-73.9689	0	1	Position   
111	7	7	40.71249:-73.96867	0	1	Position   
111	7	7	40.71225:-73.96788	0	1	Position   
111	7	7	40.71221:-73.96773	0	1	Position   
111	7	7	40.71192:-73.96679	0	1	Position   
