111	7	7	40.71676:-73.94954	0	1	Position   
111	7	7	40.71738:-73.94858	0	1	Position   
111	7	7	40.71758:-73.94828	0	1	Position   
111	7	7	40.71775:-73.94801	0	1	Position   
111	7	7	40.71819:-73.94732	0	1	Position   
111	7	7	40.71854:-73.94675	0	1	Position   
111	7	7	40.71873:-73.94645	0	1	Position   
111	7	7	40.71893:-73.9461	0	1	Position   
111	7	7	40.71893:-73.9461	0	1	Position   
111	7	7	40.71901:-73.94585	0	1	Position   
111	7	7	40.71904:-73.9458	0	1	Position   
111	7	7	40.7191:-73.94565	0	1	Position   
111	7	7	40.71916:-73.94552	0	1	Position   
