111;20170401000280;3;3;10077;0;0;111;49601197650630325863836300685235455494751142285175422978;0;shardId-000000000000
111;20170401000280;4;4;89;1;0;111;49601197650630325863836300685800023852511174178482683906;0;shardId-000000000000
111;20170401000280;7;7;40.71981:-73.99277;0;1;111;49601197650630325863836300686527797195919180941655801858;0;shardId-000000000000
111;20170401000280;6;6;33;0;0;111;49601197650630325863836300687615830433572347198891360258;0;shardId-000000000000
111;20170401000280;1;1;50;0;0;111;49601197650630325863836300688356901960996114882986246146;0;shardId-000000000000
111;20170401000280;2;2;1380;0;1;111;49601197650630325863836300688358110886815729580880429058;0;shardId-000000000000
111;20170401000285;7;7;40.71963:-73.99219;0;1;111;49601197650630325863836300691732222849360159813643796482;0;shardId-000000000000
111;20170401000285;6;6;34;1;0;111;49601197650630325863836300692080393485409173015959175170;0;shardId-000000000000
111;20170401000285;1;1;63;0;0;111;49601197650630325863836300692701781356691092411758149634;0;shardId-000000000000
111;20170401000285;2;2;756;0;0;111;49601197650630325863836300693065668028395095862064185346;0;shardId-000000000000
111;20170401000285;3;3;10538;0;0;111;49601197650630325863836300693308662118137636326180126722;0;shardId-000000000000
111;20170401000285;4;4;86;1;0;111;49601197650630325863836300693505717026734820881657233410;0;shardId-000000000000
111;20170401000290;4;4;94;1;1;111;49601197650630325863836300698632771427720463555183509506;0;shardId-000000000000
111;20170401000290;7;7;40.71959:-73.99201;0;1;111;49601197650630325863836300698754872935501541101828833282;0;shardId-000000000000
111;20170401000290;6;6;33;0;0;111;49601197650630325863836300698876974443282618648474157058;0;shardId-000000000000
111;20170401000290;1;1;82;1;0;111;49601197650630325863836300698999075951063696263838957570;0;shardId-000000000000
111;20170401000290;2;2;807;0;0;111;49601197650630325863836300699000284876883310893013663746;0;shardId-000000000000
111;20170401000290;3;3;10688;0;0;111;49601197650630325863836300699122386384664388439658987522;0;shardId-000000000000
111;20170401000295;6;6;33;0;0;111;49601197650630325863836300705308459803632446201508397058;0;shardId-000000000000
111;20170401000295;1;1;51;0;0;111;49601197650630325863836300705460784456903889477521375234;0;shardId-000000000000
111;20170401000295;2;2;1234;0;1;111;49601197650630325863836300705673555401156064212269662210;0;shardId-000000000000
111;20170401000295;3;3;9764;1;0;111;49601197650630325863836300706158334654821530580046315522;0;shardId-000000000000
111;20170401000295;4;4;89;1;0;111;49601197650630325863836300706351762785959871247999303682;0;shardId-000000000000
111;20170401000295;7;7;40.71953:-73.99183;0;1;111;49601197650630325863836300706402537670383685673336963074;0;shardId-000000000000
111;20170401000300;1;1;70;0;0;111;49601197650630325863836300710574540673873771230125883394;0;shardId-000000000000
111;20170401000300;2;2;1259;0;1;111;49601197650630325863836300710877981054597043152977133570;0;shardId-000000000000
111;20170401000300;3;3;9962;1;0;111;49601197650630325863836300711181421435320315075828383746;0;shardId-000000000000
111;20170401000300;4;4;82;1;0;111;49601197650630325863836300711484861816043586998679633922;0;shardId-000000000000
111;20170401000300;7;7;40.71938:-73.99133;0;1;111;49601197650630325863836300711969641069709053366456287234;0;shardId-000000000000
111;20170401000300;6;6;30;0;0;111;49601197650630325863836300712212635159451593830572228610;0;shardId-000000000000
111;20170401000305;2;2;1041;0;0;111;49601197650630325863836300717776111781318117567447957506;0;shardId-000000000000
111;20170401000305;3;3;9069;1;0;111;49601197650630325863836300718143625230480964836558635010;0;shardId-000000000000
111;20170401000305;4;4;91;1;1;111;49601197650630325863836300718322546251783929954415149058;0;shardId-000000000000
111;20170401000305;7;7;40.71928:-73.991;0;1;111;49601197650630325863836300718940307345607005462690004994;0;shardId-000000000000
111;20170401000305;6;6;32;0;0;111;49601197650630325863836300719231658468134131162513670146;0;shardId-000000000000
111;20170401000305;1;1;73;0;0;111;49601197650630325863836300719232867393953745791688376322;0;shardId-000000000000
111;20170401000310;7;7;40.71914:-73.99056;0;1;111;49601197650630325863836300724315191539613647117031047170;0;shardId-000000000000
111;20170401000310;6;6;31;0;0;111;49601197650630325863836300724322445094531334892079284226;0;shardId-000000000000
111;20170401000310;1;1;81;1;0;111;49601197650630325863836300724585990923207324052165230594;0;shardId-000000000000
111;20170401000310;2;2;1142;0;0;111;49601197650630325863836300724709301356808016296704737282;0;shardId-000000000000
111;20170401000310;3;3;9363;1;0;111;49601197650630325863836300724836238567867552291329409026;0;shardId-000000000000
111;20170401000310;4;4;97;1;1;111;49601197650630325863836300725200125239571555741635444738;0;shardId-000000000000
111;20170401000315;7;7;40.7191:-73.99043;0;1;111;49601197650630325863836300730284867236870686256608051202;0;shardId-000000000000
111;20170401000315;6;6;33;0;0;111;49601197650630325863836300730286076162690300954502234114;0;shardId-000000000000
111;20170401000315;1;1;68;0;0;111;49601197650630325863836300730287285088509915583676940290;0;shardId-000000000000
111;20170401000315;2;2;758;0;0;111;49601197650630325863836300730288494014329530212851646466;0;shardId-000000000000
111;20170401000315;3;3;9885;1;0;111;49601197650630325863836300730410595522110607759496970242;0;shardId-000000000000
111;20170401000315;4;4;98;1;1;111;49601197650630325863836300730774482193814611209803005954;0;shardId-000000000000
111;20170401000320;4;4;95;1;1;111;49601197650630325863836300736578535053784446152445263874;0;shardId-000000000000
111;20170401000320;7;7;40.71906:-73.99029;0;1;111;49601197650630325863836300736700636561565523699090587650;0;shardId-000000000000
111;20170401000320;6;6;31;0;0;111;49601197650630325863836300736943630651308064163206529026;0;shardId-000000000000
111;20170401000320;1;1;86;1;0;111;49601197650630325863836300736944839577127678792381235202;0;shardId-000000000000
111;20170401000320;2;2;856;0;0;111;49601197650630325863836300737429618830793145091438411778;0;shardId-000000000000
111;20170401000320;3;3;9039;1;0;111;49601197650630325863836300737793505502497148473024970754;0;shardId-000000000000
111;20170401000325;2;2;1320;0;1;111;49601197650630325863836300743597558362466983484386705410;0;shardId-000000000000
111;20170401000325;3;3;10347;0;0;111;49601197650630325863836300743719659870248061031032029186;0;shardId-000000000000
111;20170401000325;4;4;93;1;1;111;49601197650630325863836300744325331705874990247559823362;0;shardId-000000000000
111;20170401000325;7;7;40.71892:-73.98982;0;1;111;49601197650630325863836300744326540631694604876734529538;0;shardId-000000000000
111;20170401000325;6;6;33;0;0;111;49601197650630325863836300744448642139475682423379853314;0;shardId-000000000000
111;20170401000325;1;1;77;0;0;111;49601197650630325863836300744570743647256760038744653826;0;shardId-000000000000
111;20170401000330;7;7;40.71873:-73.98918;0;1;111;49601197650630325863836300749165870687611965806680735746;0;shardId-000000000000
111;20170401000330;6;6;31;0;0;111;49601197650630325863836300750134220269123283775620382722;0;shardId-000000000000
111;20170401000330;1;1;74;0;0;111;49601197650630325863836300751102569850634601744560029698;0;shardId-000000000000
111;20170401000330;2;2;1037;0;0;111;49601197650630325863836300751587349104300068043617206274;0;shardId-000000000000
111;20170401000330;3;3;9534;1;0;111;49601197650630325863836300751588558030119682672791912450;0;shardId-000000000000
111;20170401000330;4;4;91;1;1;111;49601197650630325863836300751589766955939297301966618626;0;shardId-000000000000
111;20170401000335;4;4;91;1;1;111;49601197650630325863836300755648130932385607716333158402;0;shardId-000000000000
111;20170401000335;7;7;40.71869:-73.98906;0;1;111;49601197650630325863836300755665055893860212524779044866;0;shardId-000000000000
111;20170401000335;6;6;30;0;0;111;49601197650630325863836300756018062233187684312512724994;0;shardId-000000000000
111;20170401000335;1;1;67;0;0;111;49601197650630325863836300756309413355714809943616913410;0;shardId-000000000000
111;20170401000335;2;2;1018;0;0;111;49601197650630325863836300757066200918793567806982979586;0;shardId-000000000000
111;20170401000335;3;3;9284;1;0;111;49601197650630325863836300757520757026968668376672501762;0;shardId-000000000000
111;20170401000340;3;3;10560;0;0;111;49601197650630325863836300761874098903400948309667348482;0;shardId-000000000000
111;20170401000340;4;4;88;1;0;111;49601197650630325863836300762788046823029607965745217538;0;shardId-000000000000
111;20170401000340;7;7;40.71845:-73.98824;0;1;111;49601197650630325863836300762964549992693343893971795970;0;shardId-000000000000
111;20170401000340;6;6;30;0;0;111;49601197650630325863836300763449329246358810193028972546;0;shardId-000000000000
111;20170401000340;1;1;85;1;0;111;49601197650630325863836300764055001081985739409556766722;0;shardId-000000000000
111;20170401000340;2;2;1013;0;0;111;49601197650630325863836300764660672917612668626084560898;0;shardId-000000000000
111;20170401000345;2;2;1393;0;1;111;49601197650630325863836300768703320858403988861179920386;0;shardId-000000000000
111;20170401000345;3;3;9463;1;0;111;49601197650630325863836300769005552313307646154856464386;0;shardId-000000000000
111;20170401000345;4;4;80;1;0;111;49601197650630325863836300769379110391568566638560149506;0;shardId-000000000000
111;20170401000345;7;7;40.71821:-73.98745;0;1;111;49601197650630325863836300769694640030487984853158461442;0;shardId-000000000000
111;20170401000345;6;6;32;0;0;111;49601197650630325863836300770131062251368865985227390978;0;shardId-000000000000
111;20170401000345;1;1;83;1;0;111;49601197650630325863836300770788717897239224256267550722;0;shardId-000000000000
111;20170401000350;2;2;1382;0;1;111;49601197650630325863836300782803022692569409269375434754;0;shardId-000000000000
111;20170401000350;3;3;10396;0;0;111;49601197650630325863836300783594869104416991378807980034;0;shardId-000000000000
111;20170401000350;4;4;81;1;0;111;49601197650630325863836300784595859683057904404184170498;0;shardId-000000000000
111;20170401000350;7;7;40.71818:-73.98735;0;1;111;49601197650630325863836300785248679625649804158525505538;0;shardId-000000000000
111;20170401000350;6;6;30;0;0;111;49601197650630325863836300785805994428492148208065052674;0;shardId-000000000000
111;20170401000350;1;1;86;1;0;111;49601197650630325863836300786098554476838888468343947266;0;shardId-000000000000
111;20170401000355;7;7;40.71815:-73.98728;0;1;111;49601197650630325863836300797837224185296938098338299906;0;shardId-000000000000
111;20170401000355;6;6;32;0;0;111;49601197650630325863836300798400583617237355293751377922;0;shardId-000000000000
111;20170401000355;1;1;62;0;0;111;49601197650630325863836300799078791002041162329481019394;0;shardId-000000000000
111;20170401000355;2;2;775;0;0;111;49601197650630325863836300799879099894626046843136507906;0;shardId-000000000000
111;20170401000355;3;3;9970;1;0;111;49601197650630325863836300800334864928620762042000736258;0;shardId-000000000000
111;20170401000355;4;4;84;1;0;111;49601197650630325863836300800650394567540180256599048194;0;shardId-000000000000
111;20170401000360;2;2;845;0;0;111;49601197650630325863836300812062654304702279940703256578;0;shardId-000000000000
111;20170401000360;3;3;9753;1;0;111;49601197650630325863836300812269380619856381529578012674;0;shardId-000000000000
111;20170401000360;4;4;83;1;0;111;49601197650630325863836300812561940668203121789856907266;0;shardId-000000000000
111;20170401000360;7;7;40.71811:-73.98717;0;1;111;49601197650630325863836300812901648823514832656668819458;0;shardId-000000000000
111;20170401000360;6;6;30;0;0;111;49601197650630325863836300813361040634968391743057166338;0;shardId-000000000000
111;20170401000360;1;1;86;1;0;111;49601197650630325863836300813894176921418443209102589954;0;shardId-000000000000
111;20170401000365;7;7;40.71792:-73.98665;0;1;111;49601197650630325863836300826348530715088353241803522050;0;shardId-000000000000
111;20170401000365;6;6;33;0;0;111;49601197650630325863836300826641090763435093502082416642;0;shardId-000000000000
111;20170401000365;1;1;81;1;0;111;49601197650630325863836300827030364877351004096337805314;0;shardId-000000000000
111;20170401000365;2;2;1493;0;1;111;49601197650630325863836300827536904795769533789259169794;0;shardId-000000000000
111;20170401000365;3;3;10043;0;0;111;49601197650630325863836300828154665889592609297534025730;0;shardId-000000000000
111;20170401000365;4;4;97;1;1;111;49601197650630325863836300828500418674002393241499992066;0;shardId-000000000000
111;20170401000370;3;3;10008;0;0;111;49601197650630325863836300840161717130005106535593672706;0;shardId-000000000000
111;20170401000370;4;4;82;1;0;111;49601197650630325863836300840696062342274772630813802498;0;shardId-000000000000
111;20170401000370;7;7;40.71762:-73.98593;0;1;111;49601197650630325863836300841108306046763361179388608514;0;shardId-000000000000
111;20170401000370;6;6;30;0;0;111;49601197650630325863836300841694635069276456397840580610;0;shardId-000000000000
111;20170401000370;1;1;59;0;0;111;49601197650630325863836300842463511890551360552953708546;0;shardId-000000000000
111;20170401000370;2;2;1484;0;1;111;49601197650630325863836300843286790373708923020928614402;0;shardId-000000000000
111;20170401000375;7;7;40.71758:-73.98584;0;1;111;49601197650630325863836300853950725028529567245889699842;0;shardId-000000000000
111;20170401000375;6;6;34;1;0;111;49601197650630325863836300854267463593268600089662717954;0;shardId-000000000000
111;20170401000375;1;1;83;1;0;111;49601197650630325863836300854557605789976111091592200194;0;shardId-000000000000
111;20170401000375;2;2;1382;0;1;111;49601197650630325863836300854971058420284314338061189122;0;shardId-000000000000
111;20170401000375;3;3;9429;1;0;111;49601197650630325863836300855551342813699336341920153602;0;shardId-000000000000
111;20170401000375;4;4;81;1;0;111;49601197650630325863836300856085688025969002437140283394;0;shardId-000000000000
111;20170401000380;6;6;32;0;0;111;49601197650630325863836300868344195836861342543538814978;0;shardId-000000000000
111;20170401000380;1;1;87;1;0;111;49601197650630325863836300869240009869195782761996091394;0;shardId-000000000000
111;20170401000380;2;2;1128;0;0;111;49601197650630325863836300869690939199912039444161495042;0;shardId-000000000000
111;20170401000380;3;3;10555;0;0;111;49601197650630325863836300870033065206862979500603342850;0;shardId-000000000000
111;20170401000380;4;4;95;1;1;111;49601197650630325863836300870913163203542429539789438978;0;shardId-000000000000
111;20170401000380;7;7;40.71758:-73.98584;0;1;111;49601197650630325863836300871807768310057255197791485954;0;shardId-000000000000
111;20170401000385;1;1;68;0;0;111;49601197650630325863836300882383451380046031492999020546;0;shardId-000000000000
111;20170401000385;2;2;707;1;0;111;49601197650630325863836300883594795051299889926054608898;0;shardId-000000000000
111;20170401000385;3;3;9766;1;0;111;49601197650630325863836300884081992156604585483461197826;0;shardId-000000000000
111;20170401000385;4;4;91;1;1;111;49601197650630325863836300884917359897958294243183165442;0;shardId-000000000000
111;20170401000385;7;7;40.71757:-73.9858;0;1;111;49601197650630325863836300885656013573742832737648115714;0;shardId-000000000000
111;20170401000385;6;6;30;0;0;111;49601197650630325863836300885990886025776085019041726466;0;shardId-000000000000
111;20170401000390;4;4;88;1;0;111;49601197650630325863836300898545580662474009273243271170;0;shardId-000000000000
111;20170401000390;7;7;40.71754:-73.98574;0;1;111;49601197650630325863836300898887706669424949329685118978;0;shardId-000000000000
111;20170401000390;6;6;33;0;0;111;49601197650630325863836300899205654159983596802632843266;0;shardId-000000000000
111;20170401000390;1;1;82;1;0;111;49601197650630325863836300899713403004221741056009437186;0;shardId-000000000000
111;20170401000390;2;2;1020;0;0;111;49601197650630325863836300900494369083692791502869626882;0;shardId-000000000000
111;20170401000390;3;3;9283;1;0;111;49601197650630325863836300901610207615197094299842904066;0;shardId-000000000000
111;20170401000395;6;6;32;0;0;111;49601197650630325863836300913822776244944078497602600962;0;shardId-000000000000
111;20170401000395;1;1;54;0;0;111;49601197650630325863836300914185453990828467250014453762;0;shardId-000000000000
111;20170401000395;2;2;970;0;0;111;49601197650630325863836300914548131736712856002426306562;0;shardId-000000000000
111;20170401000395;3;3;9608;1;0;111;49601197650630325863836300915269860451022789619725893634;0;shardId-000000000000
111;20170401000395;4;4;91;1;1;111;49601197650630325863836300915634956048546407630487158786;0;shardId-000000000000
111;20170401000395;7;7;40.71754:-73.98572;0;1;111;49601197650630325863836300916049617604674225506130853890;0;shardId-000000000000
111;20170401000400;7;7;40.71752:-73.98567;0;1;111;49601197650630325863836300930582114882261683090151702530;0;shardId-000000000000
111;20170401000400;6;6;32;0;0;111;49601197650630325863836300930972597921997208313581797378;0;shardId-000000000000
111;20170401000400;1;1;73;0;0;111;49601197650630325863836300931456168249843059983464267778;0;shardId-000000000000
111;20170401000400;2;2;758;0;0;111;49601197650630325863836300931818845995727448735876120578;0;shardId-000000000000
111;20170401000400;3;3;9849;1;0;111;49601197650630325863836300932419682128075919435705090050;0;shardId-000000000000
111;20170401000400;4;4;99;1;1;111;49601197650630325863836300932785986651419152144360538114;0;shardId-000000000000
111;20170401000405;2;2;960;0;0;111;49601197650630325863836300945309249216807095971300245506;0;shardId-000000000000
111;20170401000405;3;3;9807;1;0;111;49601197650630325863836300946155497290537336462314045442;0;shardId-000000000000
111;20170401000405;4;4;94;1;1;111;49601197650630325863836300947001745364267576884608368642;0;shardId-000000000000
111;20170401000405;7;7;40.71751:-73.98563;0;1;111;49601197650630325863836300947482897840474199296141426690;0;shardId-000000000000
111;20170401000405;6;6;31;0;0;111;49601197650630325863836300947844366660538973419378573314;0;shardId-000000000000
111;20170401000405;1;1;65;0;0;111;49601197650630325863836300948481470567475882994448728066;0;shardId-000000000000
111;20170401000410;6;6;32;0;0;111;49601197650630325863836300961013195613601129294330855426;0;shardId-000000000000
111;20170401000410;1;1;54;0;0;111;49601197650630325863836300961287621774653650185708634114;0;shardId-000000000000
111;20170401000410;2;2;784;0;0;111;49601197650630325863836300961730088624632604463651094530;0;shardId-000000000000
111;20170401000410;3;3;10371;0;0;111;49601197650630325863836300962124198441826973574605307906;0;shardId-000000000000
111;20170401000410;4;4;94;1;1;111;49601197650630325863836300962513472555742884168860696578;0;shardId-000000000000
111;20170401000410;7;7;40.71749:-73.98558;0;1;111;49601197650630325863836300963654698529459094109783326722;0;shardId-000000000000
111;20170401000415;4;4;97;1;1;111;49601197650630325863836300977288963923072882216997486594;0;shardId-000000000000
111;20170401000415;7;7;40.7155:-73.97898;0;1;111;49601197650630325863836300977652850594776885598584045570;0;shardId-000000000000
111;20170401000415;6;6;30;0;0;111;49601197650630325863836300978149719106638498258107760642;0;shardId-000000000000
111;20170401000415;1;1;59;0;0;111;49601197650630325863836300978586141327519379390176690178;0;shardId-000000000000
111;20170401000415;2;2;761;0;0;111;49601197650630325863836300978901670966438797604775002114;0;shardId-000000000000
111;20170401000415;3;3;9004;1;0;111;49601197650630325863836300979253468379946654694614499330;0;shardId-000000000000
111;20170401000420;6;6;33;0;0;111;49601197650630325863836300984380522780932297299421298690;0;shardId-000000000000
111;20170401000420;1;1;84;1;0;111;49601197650630325863836300985107087198520689570858663938;0;shardId-000000000000
111;20170401000420;2;2;1458;0;1;111;49601197650630325863836300985715176885786848045735870466;0;shardId-000000000000
111;20170401000420;3;3;10425;0;0;111;49601197650630325863836300986351071866904142991631319042;0;shardId-000000000000
111;20170401000420;4;4;82;1;0;111;49601197650630325863836300986805627975079243561320841218;0;shardId-000000000000
111;20170401000420;7;7;40.7155:-73.97898;0;1;111;49601197650630325863836300987411299810706172777848635394;0;shardId-000000000000
111;20170401000425;4;4;80;1;0;111;49601197650630325863836300992806735743646263059440205826;0;shardId-000000000000
111;20170401000425;7;7;40.71533:-73.97834;0;1;111;49601197650630325863836300992807944669465877757334388738;0;shardId-000000000000
111;20170401000425;6;6;34;1;0;111;49601197650630325863836300992809153595285492317789618178;0;shardId-000000000000
111;20170401000425;1;1;56;0;0;111;49601197650630325863836300992810362521105107015683801090;0;shardId-000000000000
111;20170401000425;2;2;1115;0;0;111;49601197650630325863836300992811571446924721644858507266;0;shardId-000000000000
111;20170401000425;3;3;10242;0;0;111;49601197650630325863836300992979612135851155100142665730;0;shardId-000000000000
111;20170401000430;2;2;1251;0;1;111;49601197650630325863836300997695631758167823785549365250;0;shardId-000000000000
111;20170401000430;3;3;9459;1;0;111;49601197650630325863836300998180411011833290084606541826;0;shardId-000000000000
111;20170401000430;4;4;89;1;0;111;49601197650630325863836300998665190265498756383663718402;0;shardId-000000000000
111;20170401000430;7;7;40.71531:-73.97828;0;1;111;49601197650630325863836300999149969519164222751440371714;0;shardId-000000000000
111;20170401000430;6;6;30;0;0;111;49601197650630325863836300999392963608906763215556313090;0;shardId-000000000000
111;20170401000430;1;1;69;0;0;111;49601197650630325863836300999515065116687840762201636866;0;shardId-000000000000
111;20170401000435;2;2;1139;0;0;111;49601197650630325863836301004231084739004509447608336386;0;shardId-000000000000
111;20170401000435;3;3;9469;1;0;111;49601197650630325863836301004474078828747049911724277762;0;shardId-000000000000
111;20170401000435;4;4;97;1;1;111;49601197650630325863836301005019304373393247738236239874;0;shardId-000000000000
111;20170401000435;7;7;40.71527:-73.97812;0;1;111;49601197650630325863836301005322744754116519661087490050;0;shardId-000000000000
111;20170401000435;6;6;33;0;0;111;49601197650630325863836301005928416589743448877615284226;0;shardId-000000000000
111;20170401000435;1;1;64;0;0;111;49601197650630325863836301006292303261447452259201843202;0;shardId-000000000000
111;20170401000440;4;4;91;1;1;111;49601197650630325863836301010645645137879732192196689922;0;shardId-000000000000
111;20170401000440;7;7;40.71519:-73.97784;0;1;111;49601197650630325863836301011009531809583735573783248898;0;shardId-000000000000
111;20170401000440;6;6;34;1;0;111;49601197650630325863836301011252525899326276037899190274;0;shardId-000000000000
111;20170401000440;1;1;78;0;0;111;49601197650630325863836301011495519989068816502015131650;0;shardId-000000000000
111;20170401000440;2;2;1005;0;0;111;49601197650630325863836301011617621496849894117379932162;0;shardId-000000000000
111;20170401000440;3;3;9998;1;0;111;49601197650630325863836301011860615586592434581495873538;0;shardId-000000000000
111;20170401000445;1;1;55;0;0;111;49601197650630325863836301017725114737543000982873440258;0;shardId-000000000000
111;20170401000445;2;2;830;0;0;111;49601197650630325863836301017816993099833712800151109634;0;shardId-000000000000
111;20170401000445;3;3;10578;0;0;111;49601197650630325863836301017818202025653327429325815810;0;shardId-000000000000
111;20170401000445;4;4;85;1;0;111;49601197650630325863836301017910080387944039246603485186;0;shardId-000000000000
111;20170401000445;7;7;40.71508:-73.97743;0;1;111;49601197650630325863836301018160328032604267554487140354;0;shardId-000000000000
111;20170401000445;6;6;33;0;0;111;49601197650630325863836301018516961149390583161025462274;0;shardId-000000000000
111;20170401000450;2;2;1043;0;0;111;49601197650630325863836301023837443681514566433785249794;0;shardId-000000000000
111;20170401000450;3;3;9549;1;0;111;49601197650630325863836301023838652607334181062959955970;0;shardId-000000000000
111;20170401000450;4;4;81;1;0;111;49601197650630325863836301023839861533153795692134662146;0;shardId-000000000000
111;20170401000450;7;7;40.71507:-73.97742;0;1;111;49601197650630325863836301023841070458973410321309368322;0;shardId-000000000000
111;20170401000450;6;6;32;0;0;111;49601197650630325863836301023842279384793025019203551234;0;shardId-000000000000
111;20170401000450;1;1;55;0;0;111;49601197650630325863836301023857995420448015198474731522;0;shardId-000000000000
111;20170401000455;1;1;53;0;0;111;49601197650630325863836301030615890752093792559960162306;0;shardId-000000000000
111;20170401000455;2;2;956;0;0;111;49601197650630325863836301030817781363969435632136093698;0;shardId-000000000000
111;20170401000455;3;3;9687;1;0;111;49601197650630325863836301030979777423797795941546721282;0;shardId-000000000000
111;20170401000455;4;4;94;1;1;111;49601197650630325863836301031101878931578873556911521794;0;shardId-000000000000
111;20170401000455;7;7;40.71486:-73.97668;0;1;111;49601197650630325863836301031223980439359951103556845570;0;shardId-000000000000
111;20170401000455;6;6;34;1;0;111;49601197650630325863836301031376305092631394379569823746;0;shardId-000000000000
111;20170401000460;7;7;40.71484:-73.97662;0;1;111;49601197650630325863836301031709968618845032306666635266;0;shardId-000000000000
111;20170401000460;6;6;34;1;0;111;49601197650630325863836301031711177544664646935841341442;0;shardId-000000000000
111;20170401000460;1;1;52;0;0;111;49601197650630325863836301031712386470484261565016047618;0;shardId-000000000000
111;20170401000460;2;2;1056;0;0;111;49601197650630325863836301031713595396303876194190753794;0;shardId-000000000000
111;20170401000460;3;3;9197;1;0;111;49601197650630325863836301031714804322123490892084936706;0;shardId-000000000000
111;20170401000460;4;4;98;1;1;111;49601197650630325863836301031716013247943105521259642882;0;shardId-000000000000
111;20170401000465;6;6;30;0;0;111;49601197650630325863836301031717222173762720425312256002;0;shardId-000000000000
111;20170401000465;1;1;79;0;0;111;49601197650630325863836301031718431099582335054486962178;0;shardId-000000000000
111;20170401000465;2;2;804;0;0;111;49601197650630325863836301031719640025401949683661668354;0;shardId-000000000000
111;20170401000465;3;3;10649;0;0;111;49601197650630325863836301031720848951221564312836374530;0;shardId-000000000000
111;20170401000465;4;4;89;1;0;111;49601197650630325863836301031722057877041178942011080706;0;shardId-000000000000
111;20170401000465;7;7;40.71482:-73.97652;0;1;111;49601197650630325863836301031723266802860793639905263618;0;shardId-000000000000
111;20170401000470;1;1;64;0;0;111;49601197650630325863836301031724475728680408543957876738;0;shardId-000000000000
111;20170401000470;2;2;1216;0;1;111;49601197650630325863836301031725684654500023173132582914;0;shardId-000000000000
111;20170401000470;3;3;9304;1;0;111;49601197650630325863836301031726893580319637802307289090;0;shardId-000000000000
111;20170401000470;4;4;91;1;1;111;49601197650630325863836301031728102506139252500201472002;0;shardId-000000000000
111;20170401000470;7;7;40.71478:-73.97639;0;1;111;49601197650630325863836301031729311431958867129376178178;0;shardId-000000000000
111;20170401000470;6;6;33;0;0;111;49601197650630325863836301031730520357778481758550884354;0;shardId-000000000000
111;20170401000475;1;1;70;0;0;111;49601197650630325863836301031731729283598096662603497474;0;shardId-000000000000
111;20170401000475;2;2;1442;0;1;111;49601197650630325863836301031732938209417711291778203650;0;shardId-000000000000
111;20170401000475;3;3;10302;0;0;111;49601197650630325863836301031734147135237325920952909826;0;shardId-000000000000
111;20170401000475;4;4;84;1;0;111;49601197650630325863836301031735356061056940550127616002;0;shardId-000000000000
111;20170401000475;7;7;40.71474:-73.97624;0;1;111;49601197650630325863836301031737773912696169808477028354;0;shardId-000000000000
111;20170401000475;6;6;32;0;0;111;49601197650630325863836301031738982838515784506371211266;0;shardId-000000000000
111;20170401000480;6;6;34;1;0;111;49601197650630325863836301031740191764335399341704347650;0;shardId-000000000000
111;20170401000480;1;1;84;1;0;111;49601197650630325863836301031741400690155014039598530562;0;shardId-000000000000
111;20170401000480;2;2;1108;0;0;111;49601197650630325863836301031742609615974628668773236738;0;shardId-000000000000
111;20170401000480;3;3;9476;1;0;111;49601197650630325863836301031743818541794243297947942914;0;shardId-000000000000
111;20170401000480;4;4;90;1;0;111;49601197650630325863836301031745027467613857927122649090;0;shardId-000000000000
111;20170401000480;7;7;40.71447:-73.97529;0;1;111;49601197650630325863836301031746236393433472625016832002;0;shardId-000000000000
111;20170401000485;1;1;54;0;0;111;49601197650630325863836301031747445319253087529069445122;0;shardId-000000000000
111;20170401000485;2;2;854;0;0;111;49601197650630325863836301031748654245072702158244151298;0;shardId-000000000000
111;20170401000485;3;3;10502;0;0;111;49601197650630325863836301031749863170892316787418857474;0;shardId-000000000000
111;20170401000485;4;4;86;1;0;111;49601197650630325863836301031751072096711931416593563650;0;shardId-000000000000
111;20170401000485;7;7;40.71444:-73.97521;0;1;111;49601197650630325863836301031752281022531546045768269826;0;shardId-000000000000
111;20170401000485;6;6;32;0;0;111;49601197650630325863836301031753489948351160743662452738;0;shardId-000000000000
111;20170401000490;6;6;33;0;0;111;49601197650630325863836301031755907799990390345609248770;0;shardId-000000000000
111;20170401000490;1;1;75;0;0;111;49601197650630325863836301031757116725810004974783954946;0;shardId-000000000000
111;20170401000490;2;2;1331;0;1;111;49601197650630325863836301031758325651629619603958661122;0;shardId-000000000000
111;20170401000490;3;3;9189;1;0;111;49601197650630325863836301031759534577449234233133367298;0;shardId-000000000000
111;20170401000490;4;4;84;1;0;111;49601197650630325863836301031760743503268848862308073474;0;shardId-000000000000
111;20170401000490;7;7;40.7144:-73.97509;0;1;111;49601197650630325863836301031761952429088463491482779650;0;shardId-000000000000
111;20170401000495;1;1;77;0;0;111;49601197650630325863836301031763161354908078395535392770;0;shardId-000000000000
111;20170401000495;2;2;1331;0;1;111;49601197650630325863836301031764370280727693093429575682;0;shardId-000000000000
111;20170401000495;3;3;10078;0;0;111;49601197650630325863836301031765579206547307722604281858;0;shardId-000000000000
111;20170401000495;4;4;96;1;1;111;49601197650630325863836301031766788132366922351778988034;0;shardId-000000000000
111;20170401000495;7;7;40.71276:-73.96956;0;1;111;49601197650630325863836301031767997058186536980953694210;0;shardId-000000000000
111;20170401000495;6;6;31;0;0;111;49601197650630325863836301031769205984006151610128400386;0;shardId-000000000000
111;20170401000500;2;2;992;0;0;111;49601197650630325863836301031770414909825766514181013506;0;shardId-000000000000
111;20170401000500;3;3;9725;1;0;111;49601197650630325863836301031771623835645381212075196418;0;shardId-000000000000
111;20170401000500;4;4;89;1;0;111;49601197650630325863836301031772832761464995841249902594;0;shardId-000000000000
111;20170401000500;7;7;40.71263:-73.96913;0;1;111;49601197650630325863836301031774041687284610470424608770;0;shardId-000000000000
111;20170401000500;6;6;33;0;0;111;49601197650630325863836301031775250613104225099599314946;0;shardId-000000000000
111;20170401000500;1;1;88;1;0;111;49601197650630325863836301031776459538923839728774021122;0;shardId-000000000000
111;20170401000505;2;2;1234;0;1;111;49601197650630325863836301031777668464743454632826634242;0;shardId-000000000000
111;20170401000505;3;3;9286;1;0;111;49601197650630325863836301031778877390563069330720817154;0;shardId-000000000000
111;20170401000505;4;4;93;1;1;111;49601197650630325863836301031780086316382683959895523330;0;shardId-000000000000
111;20170401000505;7;7;40.71256:-73.9689;0;1;111;49601197650630325863836301031781295242202298589070229506;0;shardId-000000000000
111;20170401000505;6;6;30;0;0;111;49601197650630325863836301031782504168021913218244935682;0;shardId-000000000000
111;20170401000505;1;1;56;0;0;111;49601197650630325863836301031783713093841527847419641858;0;shardId-000000000000
111;20170401000510;2;2;1335;0;1;111;49601197650630325863836301031784922019661142751472254978;0;shardId-000000000000
111;20170401000510;3;3;9720;1;0;111;49601197650630325863836301031786130945480757380646961154;0;shardId-000000000000
111;20170401000510;4;4;81;1;0;111;49601197650630325863836301031787339871300372078541144066;0;shardId-000000000000
111;20170401000510;7;7;40.71249:-73.96867;0;1;111;49601197650630325863836301031788548797119986707715850242;0;shardId-000000000000
111;20170401000510;6;6;34;1;0;111;49601197650630325863836301031789757722939601336890556418;0;shardId-000000000000
111;20170401000510;1;1;77;0;0;111;49601197650630325863836301031790966648759215966065262594;0;shardId-000000000000
111;20170401000515;1;1;81;1;0;111;49601197650630325863836301031792175574578830870117875714;0;shardId-000000000000
111;20170401000515;2;2;1382;0;1;111;49601197650630325863836301031793384500398445499292581890;0;shardId-000000000000
111;20170401000515;3;3;10092;0;0;111;49601197650630325863836301031794593426218060197186764802;0;shardId-000000000000
111;20170401000515;4;4;93;1;1;111;49601197650630325863836301031795802352037674826361470978;0;shardId-000000000000
111;20170401000515;7;7;40.71225:-73.96788;0;1;111;49601197650630325863836301031797011277857289455536177154;0;shardId-000000000000
111;20170401000515;6;6;31;0;0;111;49601197650630325863836301031798220203676904084710883330;0;shardId-000000000000
111;20170401000520;1;1;63;0;0;111;49601197650630325863836301031799429129496518988763496450;0;shardId-000000000000
111;20170401000520;2;2;1447;0;1;111;49601197650630325863836301031800638055316133617938202626;0;shardId-000000000000
111;20170401000520;3;3;10531;0;0;111;49601197650630325863836301031801846981135748315832385538;0;shardId-000000000000
111;20170401000520;4;4;80;1;0;111;49601197650630325863836301031803055906955362945007091714;0;shardId-000000000000
111;20170401000520;7;7;40.71221:-73.96773;0;1;111;49601197650630325863836301031804264832774977574181797890;0;shardId-000000000000
111;20170401000520;6;6;30;0;0;111;49601197650630325863836301031805473758594592203356504066;0;shardId-000000000000
111;20170401000525;2;2;1265;0;1;111;49601197650630325863836301031806682684414207107409117186;0;shardId-000000000000
111;20170401000525;3;3;9224;1;0;111;49601197650630325863836301031807891610233821736583823362;0;shardId-000000000000
111;20170401000525;4;4;82;1;0;111;49601197650630325863836301031809100536053436365758529538;0;shardId-000000000000
111;20170401000525;7;7;40.71192:-73.96679;0;1;111;49601197650630325863836301031810309461873051063652712450;0;shardId-000000000000
111;20170401000525;6;6;30;0;0;111;49601197650630325863836301031811518387692665692827418626;0;shardId-000000000000
111;20170401000525;1;1;83;1;0;111;49601197650630325863836301031812727313512280322002124802;0;shardId-000000000000
111;20170401000530;1;1;88;1;0;111;49601197650630325863836301031813936239331895226054737922;0;shardId-000000000000
111;20170401000530;2;2;709;1;0;111;49601197650630325863836301031815145165151509855229444098;0;shardId-000000000000
111;20170401000530;3;3;10427;0;0;111;49601197650630325863836301031816354090971124484404150274;0;shardId-000000000000
111;20170401000530;4;4;92;1;1;111;49601197650630325863836301031817563016790739182298333186;0;shardId-000000000000
111;20170401000530;7;7;40.71176:-73.96628;0;1;111;49601197650630325863836301031818771942610353811473039362;0;shardId-000000000000
111;20170401000530;6;6;33;0;0;111;49601197650630325863836301031819980868429968440647745538;0;shardId-000000000000
111;20170401000535;1;1;56;0;0;111;49601197650630325863836301031821189794249583344700358658;0;shardId-000000000000
111;20170401000535;2;2;1132;0;0;111;49601197650630325863836301031822398720069197973875064834;0;shardId-000000000000
111;20170401000535;3;3;9768;1;0;111;49601197650630325863836301031823607645888812603049771010;0;shardId-000000000000
111;20170401000535;4;4;80;1;0;111;49601197650630325863836301031824816571708427232224477186;0;shardId-000000000000
111;20170401000535;7;7;40.71139:-73.96512;0;1;111;49601197650630325863836301031826025497528041930118660098;0;shardId-000000000000
111;20170401000535;6;6;33;0;0;111;49601197650630325863836301031827234423347656559293366274;0;shardId-000000000000
111;20170401000540;3;3;9153;1;0;111;49601197650630325863836301031828443349167271463345979394;0;shardId-000000000000
111;20170401000540;4;4;85;1;0;111;49601197650630325863836301031829652274986886092520685570;0;shardId-000000000000
111;20170401000540;7;7;40.71091:-73.96357;0;1;111;49601197650630325863836301031830861200806500721695391746;0;shardId-000000000000
111;20170401000540;6;6;34;1;0;111;49601197650630325863836301031832070126626115419589574658;0;shardId-000000000000
111;20170401000540;1;1;85;1;0;111;49601197650630325863836301031833279052445730048764280834;0;shardId-000000000000
111;20170401000540;2;2;1260;0;1;111;49601197650630325863836301031834487978265344677938987010;0;shardId-000000000000
111;20170401000545;4;4;96;1;1;111;49601197650630325863836301031835696904084959581991600130;0;shardId-000000000000
111;20170401000545;7;7;40.71085:-73.96339;0;1;111;49601197650630325863836301031836905829904574211166306306;0;shardId-000000000000
111;20170401000545;6;6;32;0;0;111;49601197650630325863836301031838114755724188840341012482;0;shardId-000000000000
111;20170401000545;1;1;71;0;0;111;49601197650630325863836301031839323681543803469515718658;0;shardId-000000000000
111;20170401000545;2;2;1122;0;0;111;49601197650630325863836301031840532607363418167409901570;0;shardId-000000000000
111;20170401000545;3;3;10230;0;0;111;49601197650630325863836301031841741533183032796584607746;0;shardId-000000000000
111;20170401000550;3;3;9290;1;0;111;49601197650630325863836301031842950459002647700637220866;0;shardId-000000000000
111;20170401000550;4;4;84;1;0;111;49601197650630325863836301031844159384822262329811927042;0;shardId-000000000000
111;20170401000550;7;7;40.71073:-73.963;0;1;111;49601197650630325863836301031845368310641876958986633218;0;shardId-000000000000
111;20170401000550;6;6;34;1;0;111;49601197650630325863836301031846577236461491588161339394;0;shardId-000000000000
111;20170401000550;1;1;86;1;0;111;49601197650630325863836301031847786162281106217336045570;0;shardId-000000000000
111;20170401000550;2;2;1031;0;0;111;49601197650630325863836301031848995088100720915230228482;0;shardId-000000000000
111;20170401000555;2;2;960;0;0;111;49601197650630325863836301031850204013920335819282841602;0;shardId-000000000000
111;20170401000555;3;3;10482;0;0;111;49601197650630325863836301031851412939739950448457547778;0;shardId-000000000000
111;20170401000555;4;4;87;1;0;111;49601197650630325863836301031852621865559565077632253954;0;shardId-000000000000
111;20170401000555;7;7;40.71062:-73.96275;0;1;111;49601197650630325863836301031853830791379179706806960130;0;shardId-000000000000
111;20170401000555;6;6;34;1;0;111;49601197650630325863836301031855039717198794335981666306;0;shardId-000000000000
111;20170401000555;1;1;86;1;0;111;49601197650630325863836301031856248643018409033875849218;0;shardId-000000000000
111;20170401000560;7;7;40.71043:-73.96215;0;1;111;49601197650630325863836301031857457568838023937928462338;0;shardId-000000000000
111;20170401000560;6;6;33;0;0;111;49601197650630325863836301031858666494657638635822645250;0;shardId-000000000000
111;20170401000560;1;1;89;1;0;111;49601197650630325863836301031859875420477253264997351426;0;shardId-000000000000
111;20170401000560;2;2;931;0;0;111;49601197650630325863836301031861084346296867894172057602;0;shardId-000000000000
111;20170401000560;3;3;10284;0;0;111;49601197650630325863836301031862293272116482523346763778;0;shardId-000000000000
111;20170401000560;4;4;98;1;1;111;49601197650630325863836301031863502197936097152521469954;0;shardId-000000000000
111;20170401000565;7;7;40.71031:-73.96176;0;1;111;49601197650630325863836301031864711123755712056574083074;0;shardId-000000000000
111;20170401000565;6;6;30;0;0;111;49601197650630325863836301031865920049575326754468265986;0;shardId-000000000000
111;20170401000565;1;1;56;0;0;111;49601197650630325863836301031867128975394941383642972162;0;shardId-000000000000
111;20170401000565;2;2;714;1;0;111;49601197650630325863836301031868337901214556012817678338;0;shardId-000000000000
111;20170401000565;3;3;9885;1;0;111;49601197650630325863836301031869546827034170641992384514;0;shardId-000000000000
111;20170401000565;4;4;80;1;0;111;49601197650630325863836301031870755752853785271167090690;0;shardId-000000000000
111;20170401000570;4;4;97;1;1;111;49601197650630325863836301031871964678673400243939180546;0;shardId-000000000000
111;20170401000570;7;7;40.71019:-73.96137;0;1;111;49601197650630325863836301031873173604493014804394409986;0;shardId-000000000000
111;20170401000570;6;6;34;1;0;111;49601197650630325863836301031874382530312629502288592898;0;shardId-000000000000
111;20170401000570;1;1;74;0;0;111;49601197650630325863836301031875591456132244131463299074;0;shardId-000000000000
