111;20170401000260;3;3;10455;0;0;111;49602216899231792204025431320093969856010787649509916674;0;shardId-000000000000
111;20170401000260;4;4;93;1;1;111;49602216899231792204025431320095178781830402278684622850;0;shardId-000000000000
111;20170401000260;7;7;40.7202:-73.99402;0;1;111;49602216899231792204025431320126610853140382637226983426;0;shardId-000000000000
111;20170401000260;6;6;33;0;0;111;49602216899231792204025431320278935506411825981959438338;0;shardId-000000000000
111;20170401000265;4;4;97;1;1;111;49602216899231792204025431325236740292651420433587896322;0;shardId-000000000000
111;20170401000265;7;7;40.72014:-73.9939;0;1;111;49602216899231792204025431325426541646330917282736242690;0;shardId-000000000000
111;20170401000265;6;6;30;0;0;111;49602216899231792204025431325783174763117232889274564610;0;shardId-000000000000
111;20170401000265;1;1;86;1;0;111;49602216899231792204025431326086615143840504812125814786;0;shardId-000000000000
111;20170401000265;2;2;1423;0;1;111;49602216899231792204025431326087824069660119441300520962;0;shardId-000000000000
111;20170401000265;3;3;9239;1;0;111;49602216899231792204025431326330818159402659905416462338;0;shardId-000000000000
111;20170401000270;1;1;84;1;0;111;49602216899231792204025431330722845662062607972001906690;0;shardId-000000000000
111;20170401000270;2;2;1106;0;0;111;49602216899231792204025431330954959419428616842264969218;0;shardId-000000000000
111;20170401000270;3;3;9885;1;0;111;49602216899231792204025431331564258032514389946316881922;0;shardId-000000000000
111;20170401000270;4;4;89;1;0;111;49602216899231792204025431331696030946852384526359855106;0;shardId-000000000000
111;20170401000270;7;7;40.71992:-73.99314;0;1;111;49602216899231792204025431331946278591512612765524033538;0;shardId-000000000000
111;20170401000270;6;6;34;1;0;111;49602216899231792204025431332437102474276152279174217730;0;shardId-000000000000
111;20170401000275;4;4;88;1;0;111;49602216899231792204025431336732415911366929943063691266;0;shardId-000000000000
111;20170401000275;7;7;40.71986:-73.99297;0;1;111;49602216899231792204025431337254671865440449746536759298;0;shardId-000000000000
111;20170401000275;6;6;34;1;0;111;49602216899231792204025431337631856721160214186484039682;0;shardId-000000000000
111;20170401000275;1;1;55;0;0;111;49602216899231792204025431338563938528083093280182501378;0;shardId-000000000000
111;20170401000275;2;2;717;1;0;111;49602216899231792204025431338809350469464863002647855106;0;shardId-000000000000
111;20170401000275;3;3;10373;0;0;111;49602216899231792204025431338812977246923706958891450370;0;shardId-000000000000
111;20170401000280;1;1;73;0;0;111;49602216899231792204025431344197532847487265509191188482;0;shardId-000000000000
111;20170401000280;2;2;1044;0;0;111;49602216899231792204025431344203577476585338655064719362;0;shardId-000000000000
111;20170401000280;3;3;9076;1;0;111;49602216899231792204025431344205995328224567913414131714;0;shardId-000000000000
111;20170401000280;4;4;83;1;0;111;49602216899231792204025431344213248883142255757181845506;0;shardId-000000000000
111;20170401000280;7;7;40.71981:-73.99277;0;1;111;49602216899231792204025431344341395020021406449700700162;0;shardId-000000000000
111;20170401000280;6;6;33;0;0;111;49602216899231792204025431344708908469184253718811377666;0;shardId-000000000000
111;20170401000285;7;7;40.71963:-73.99219;0;1;111;49602216899231792204025431349988287523441339599631155202;0;shardId-000000000000
111;20170401000285;6;6;33;0;0;111;49602216899231792204025431350237326242281953209620627458;0;shardId-000000000000
111;20170401000285;1;1;57;0;0;111;49602216899231792204025431350483947109483337561260687362;0;shardId-000000000000
111;20170401000285;2;2;922;0;0;111;49602216899231792204025431350971144214788033187386753026;0;shardId-000000000000
111;20170401000285;3;3;9535;1;0;111;49602216899231792204025431351701335409835269208909283330;0;shardId-000000000000
111;20170401000285;4;4;80;1;0;111;49602216899231792204025431352067639933178501848845254658;0;shardId-000000000000
111;20170401000290;2;2;1439;0;1;111;49602216899231792204025431357336138655059056067092676610;0;shardId-000000000000
111;20170401000290;3;3;10173;0;0;111;49602216899231792204025431358097761921416272447157567490;0;shardId-000000000000
111;20170401000290;4;4;84;1;0;111;49602216899231792204025431358318995346405749586128797698;0;shardId-000000000000
111;20170401000290;7;7;40.71959:-73.99201;0;1;111;49602216899231792204025431358322622123864593542372392962;0;shardId-000000000000
111;20170401000290;6;6;30;0;0;111;49602216899231792204025431358328666752962666688245923842;0;shardId-000000000000
111;20170401000290;1;1;80;0;0;111;49602216899231792204025431358337129233699969092468867074;0;shardId-000000000000
111;20170401000295;6;6;31;0;0;111;49602216899231792204025431363004791823232052610887319554;0;shardId-000000000000
111;20170401000295;1;1;60;0;0;111;49602216899231792204025431363038641746181262227779092482;0;shardId-000000000000
111;20170401000295;2;2;823;0;0;111;49602216899231792204025431363864338080978054022822887426;0;shardId-000000000000
111;20170401000295;3;3;10643;0;0;111;49602216899231792204025431364474845619883441687330029570;0;shardId-000000000000
111;20170401000295;4;4;90;1;0;111;49602216899231792204025431365207454666569907035921448962;0;shardId-000000000000
111;20170401000295;7;7;40.71953:-73.99183;0;1;111;49602216899231792204025431365214708221487594810969686018;0;shardId-000000000000
111;20170401000300;3;3;10216;0;0;111;49602216899231792204025431369613989279065230652603367426;0;shardId-000000000000
111;20170401000300;4;4;89;1;0;111;49602216899231792204025431369977875950769234034189926402;0;shardId-000000000000
111;20170401000300;7;7;40.71938:-73.99133;0;1;111;49602216899231792204025431369980293802408463292539338754;0;shardId-000000000000
111;20170401000300;6;6;34;1;0;111;49602216899231792204025431370101186384369926210009956354;0;shardId-000000000000
111;20170401000300;1;1;62;0;0;111;49602216899231792204025431370223287892151003825374756866;0;shardId-000000000000
111;20170401000300;2;2;988;0;0;111;49602216899231792204025431370587174563855007206961315842;0;shardId-000000000000
111;20170401000305;2;2;1065;0;0;111;49602216899231792204025431375212524749700578704265052162;0;shardId-000000000000
111;20170401000305;3;3;9255;1;0;111;49602216899231792204025431375304403111991290521542721538;0;shardId-000000000000
111;20170401000305;4;4;82;1;0;111;49602216899231792204025431376030967529579682655541133314;0;shardId-000000000000
111;20170401000305;7;7;40.71928:-73.991;0;1;111;49602216899231792204025431376878424529129537707010162690;0;shardId-000000000000
111;20170401000305;6;6;33;0;0;111;49602216899231792204025431377000526036910615253655486466;0;shardId-000000000000
111;20170401000305;1;1;57;0;0;111;49602216899231792204025431377364412708614618703961522178;0;shardId-000000000000
111;20170401000310;1;1;65;0;0;111;49602216899231792204025431382322217494854213224309456898;0;shardId-000000000000
111;20170401000310;2;2;1194;0;0;111;49602216899231792204025431382806996748519679523366633474;0;shardId-000000000000
111;20170401000310;3;3;9666;1;0;111;49602216899231792204025431383049990838262219987482574850;0;shardId-000000000000
111;20170401000310;4;4;99;1;1;111;49602216899231792204025431383051199764081834616657281026;0;shardId-000000000000
111;20170401000310;7;7;40.71914:-73.99056;0;1;111;49602216899231792204025431383415086435785838066963316738;0;shardId-000000000000
111;20170401000310;6;6;34;1;0;111;49602216899231792204025431383728198223066027023212216322;0;shardId-000000000000
111;20170401000315;4;4;80;1;0;111;49602216899231792204025431387769637238037732629132869634;0;shardId-000000000000
111;20170401000315;7;7;40.7191:-73.99043;0;1;111;49602216899231792204025431388499828433084968650655399938;0;shardId-000000000000
111;20170401000315;6;6;32;0;0;111;49602216899231792204025431389298928399850238535136182274;0;shardId-000000000000
111;20170401000315;1;1;65;0;0;111;49602216899231792204025431389707545326879983196186869762;0;shardId-000000000000
111;20170401000315;2;2;758;0;0;111;49602216899231792204025431390343440307997278142082318338;0;shardId-000000000000
111;20170401000315;3;3;9671;1;0;111;49602216899231792204025431390344649233816892839976501250;0;shardId-000000000000
111;20170401000320;1;1;67;0;0;111;49602216899231792204025431394365536509855149749927149570;0;shardId-000000000000
111;20170401000320;2;2;1431;0;1;111;49602216899231792204025431394668976890578421604058923010;0;shardId-000000000000
111;20170401000320;3;3;9779;1;0;111;49602216899231792204025431395032863562282425054364958722;0;shardId-000000000000
111;20170401000320;4;4;80;1;0;111;49602216899231792204025431395759427979870817188363370498;0;shardId-000000000000
111;20170401000320;7;7;40.71906:-73.99029;0;1;111;49602216899231792204025431396002422069613357652479311874;0;shardId-000000000000
111;20170401000320;6;6;31;0;0;111;49602216899231792204025431396003630995432972350373494786;0;shardId-000000000000
111;20170401000325;1;1;76;0;0;111;49602216899231792204025431400855050309546479434627809282;0;shardId-000000000000
111;20170401000325;2;2;1297;0;1;111;49602216899231792204025431401256413681658536389349736450;0;shardId-000000000000
111;20170401000325;3;3;9545;1;0;111;49602216899231792204025431401447423961157647798953312258;0;shardId-000000000000
111;20170401000325;4;4;84;1;0;111;49602216899231792204025431401690418050900188263069253634;0;shardId-000000000000
111;20170401000325;7;7;40.71892:-73.98982;0;1;111;49602216899231792204025431402175197304565654562126430210;0;shardId-000000000000
111;20170401000325;6;6;34;1;0;111;49602216899231792204025431402780869140192583778654224386;0;shardId-000000000000
111;20170401000330;4;4;89;1;0;111;49602216899231792204025431406771533270740474959237218306;0;shardId-000000000000
111;20170401000330;7;7;40.71873:-73.98918;0;1;111;49602216899231792204025431407014527360483015423353159682;0;shardId-000000000000
111;20170401000330;6;6;30;0;0;111;49602216899231792204025431407015736286302630121247342594;0;shardId-000000000000
111;20170401000330;1;1;73;0;0;111;49602216899231792204025431407016945212122244750422048770;0;shardId-000000000000
111;20170401000330;2;2;1196;0;0;111;49602216899231792204025431407501724465787711049479225346;0;shardId-000000000000
111;20170401000330;3;3;10682;0;0;111;49602216899231792204025431407805164846510982972330475522;0;shardId-000000000000
111;20170401000335;4;4;82;1;0;111;49602216899231792204025431413669663997461549373708042242;0;shardId-000000000000
111;20170401000335;7;7;40.71869:-73.98906;0;1;111;49602216899231792204025431414033550669165552824014077954;0;shardId-000000000000
111;20170401000335;6;6;32;0;0;111;49602216899231792204025431414095205885965898843204616194;0;shardId-000000000000
111;20170401000335;1;1;62;0;0;111;49602216899231792204025431414519538848650633752245960706;0;shardId-000000000000
111;20170401000335;2;2;1016;0;0;111;49602216899231792204025431415004318102316100051303137282;0;shardId-000000000000
111;20170401000335;3;3;9756;1;0;111;49602216899231792204025431415443158174836210441721479170;0;shardId-000000000000
111;20170401000340;3;3;9983;1;0;111;49602216899231792204025431420816833443023237466887815170;0;shardId-000000000000
111;20170401000340;4;4;83;1;0;111;49602216899231792204025431421294359141771015990896754690;0;shardId-000000000000
111;20170401000340;7;7;40.71845:-73.98824;0;1;111;49602216899231792204025431421295568067590630620071460866;0;shardId-000000000000
111;20170401000340;6;6;31;0;0;111;49602216899231792204025431421296776993410245249246167042;0;shardId-000000000000
111;20170401000340;1;1;63;0;0;111;49602216899231792204025431421297985919229859947140349954;0;shardId-000000000000
111;20170401000340;2;2;1413;0;1;111;49602216899231792204025431421340298322916371968255066114;0;shardId-000000000000
111;20170401000345;6;6;34;1;0;111;49602216899231792204025431426740569959134920766545461250;0;shardId-000000000000
111;20170401000345;1;1;72;0;0;111;49602216899231792204025431426983564048877461230661402626;0;shardId-000000000000
111;20170401000345;2;2;1316;0;1;111;49602216899231792204025431427135888702148904506674380802;0;shardId-000000000000
111;20170401000345;3;3;9807;1;0;111;49602216899231792204025431427227767064439616392671526914;0;shardId-000000000000
111;20170401000345;4;4;82;1;0;111;49602216899231792204025431427349868572220693939316850690;0;shardId-000000000000
111;20170401000345;7;7;40.71821:-73.98745;0;1;111;49602216899231792204025431427351077498040308568491556866;0;shardId-000000000000
111;20170401000350;2;2;1010;0;0;111;49602216899231792204025431432308882284279903088839491586;0;shardId-000000000000
111;20170401000350;3;3;9594;1;0;111;49602216899231792204025431432430983792060980635484815362;0;shardId-000000000000
111;20170401000350;4;4;87;1;0;111;49602216899231792204025431433278440791610835686953844738;0;shardId-000000000000
111;20170401000350;7;7;40.71818:-73.98735;0;1;111;49602216899231792204025431433642327463314839137259880450;0;shardId-000000000000
111;20170401000350;6;6;32;0;0;111;49602216899231792204025431433764428971095916683905204226;0;shardId-000000000000
111;20170401000350;1;1;84;1;0;111;49602216899231792204025431433886530478876994230550528002;0;shardId-000000000000
111;20170401000355;2;2;1204;0;1;111;49602216899231792204025431438815321045445837650705514498;0;shardId-000000000000
111;20170401000355;3;3;9735;1;0;111;49602216899231792204025431438982152808552656476814966786;0;shardId-000000000000
111;20170401000355;4;4;89;1;0;111;49602216899231792204025431439089747206498358473363816450;0;shardId-000000000000
111;20170401000355;7;7;40.71815:-73.98728;0;1;111;49602216899231792204025431439151402423298704561273831426;0;shardId-000000000000
111;20170401000355;6;6;30;0;0;111;49602216899231792204025431439152611349118319259168014338;0;shardId-000000000000
111;20170401000355;1;1;64;0;0;111;49602216899231792204025431439153820274937933888342720514;0;shardId-000000000000
111;20170401000360;3;3;10604;0;0;111;49602216899231792204025431444655641680004111537308434434;0;shardId-000000000000
111;20170401000360;4;4;84;1;0;111;49602216899231792204025431444656850605823726166483140610;0;shardId-000000000000
111;20170401000360;7;7;40.71811:-73.98717;0;1;111;49602216899231792204025431445141629859489192465540317186;0;shardId-000000000000
111;20170401000360;6;6;31;0;0;111;49602216899231792204025431445626409113154658764597493762;0;shardId-000000000000
111;20170401000360;1;1;66;0;0;111;49602216899231792204025431445990295784858662214903529474;0;shardId-000000000000
111;20170401000360;2;2;844;0;0;111;49602216899231792204025431446716860202447054348901941250;0;shardId-000000000000
111;20170401000365;2;2;973;0;0;111;49602216899231792204025431450828416914956408446955552770;0;shardId-000000000000
111;20170401000365;3;3;10041;0;0;111;49602216899231792204025431451071411004698948911071494146;0;shardId-000000000000
111;20170401000365;4;4;80;1;0;111;49602216899231792204025431451465520821893318022025707522;0;shardId-000000000000
111;20170401000365;7;7;40.71792:-73.98665;0;1;111;49602216899231792204025431451617845475164761298038685698;0;shardId-000000000000
111;20170401000365;6;6;34;1;0;111;49602216899231792204025431451619054400984375995932868610;0;shardId-000000000000
111;20170401000365;1;1;78;0;0;111;49602216899231792204025431451623890104262834512631693314;0;shardId-000000000000
111;20170401000370;7;7;40.71762:-73.98593;0;1;111;49602216899231792204025431456578068113043585145455509506;0;shardId-000000000000
111;20170401000370;6;6;33;0;0;111;49602216899231792204025431457365078821612708738189230082;0;shardId-000000000000
111;20170401000370;1;1;59;0;0;111;49602216899231792204025431458091643239201100872187641858;0;shardId-000000000000
111;20170401000370;2;2;1192;0;0;111;49602216899231792204025431458697315074828030088715436034;0;shardId-000000000000
111;20170401000370;3;3;10435;0;0;111;49602216899231792204025431459061201746532033470301995010;0;shardId-000000000000
111;20170401000370;4;4;81;1;0;111;49602216899231792204025431459787766164120425673019883522;0;shardId-000000000000
111;20170401000375;4;4;95;1;1;111;49602216899231792204025431464624678368398557207177723906;0;shardId-000000000000
111;20170401000375;7;7;40.71758:-73.98584;0;1;111;49602216899231792204025431464625887294218171836352430082;0;shardId-000000000000
111;20170401000375;6;6;30;0;0;111;49602216899231792204025431464641603329873162084343087106;0;shardId-000000000000
111;20170401000375;1;1;87;1;0;111;49602216899231792204025431464749197727818864080891936770;0;shardId-000000000000
111;20170401000375;2;2;1403;0;1;111;49602216899231792204025431465233976981484330379949113346;0;shardId-000000000000
111;20170401000375;3;3;9768;1;0;111;49602216899231792204025431465839648817111259665196384258;0;shardId-000000000000
111;20170401000380;7;7;40.71758:-73.98584;0;1;111;49602216899231792204025431471039238767273779951766077442;0;shardId-000000000000
111;20170401000380;6;6;31;0;0;111;49602216899231792204025431471040447693093394580940783618;0;shardId-000000000000
111;20170401000380;1;1;64;0;0;111;49602216899231792204025431471041656618913009278834966530;0;shardId-000000000000
111;20170401000380;2;2;1354;0;1;111;49602216899231792204025431471042865544732623908009672706;0;shardId-000000000000
111;20170401000380;3;3;9054;1;0;111;49602216899231792204025431471044074470552238537184378882;0;shardId-000000000000
111;20170401000380;4;4;97;1;1;111;49602216899231792204025431471317291705785144799387451394;0;shardId-000000000000
111;20170401000385;6;6;32;0;0;111;49602216899231792204025431475942641891630716227971710978;0;shardId-000000000000
111;20170401000385;1;1;84;1;0;111;49602216899231792204025431476608760018238376971954290690;0;shardId-000000000000
111;20170401000385;2;2;1262;0;1;111;49602216899231792204025431477698002181711157858364555266;0;shardId-000000000000
111;20170401000385;3;3;9315;1;0;111;49602216899231792204025431478113872663658590294463479810;0;shardId-000000000000
111;20170401000385;4;4;90;1;0;111;49602216899231792204025431478183990361196238855315914754;0;shardId-000000000000
111;20170401000385;7;7;40.71757:-73.9858;0;1;111;49602216899231792204025431478185199287015853484490620930;0;shardId-000000000000
111;20170401000390;3;3;9249;1;0;111;49602216899231792204025431482538541163448133348765990914;0;shardId-000000000000
111;20170401000390;4;4;94;1;1;111;49602216899231792204025431482781535253190673812881932290;0;shardId-000000000000
111;20170401000390;7;7;40.71754:-73.98574;0;1;111;49602216899231792204025431483749884834701991850541056002;0;shardId-000000000000
111;20170401000390;6;6;30;0;0;111;49602216899231792204025431484476449252290383984539467778;0;shardId-000000000000
111;20170401000390;1;1;73;0;0;111;49602216899231792204025431484598550760071461531184791554;0;shardId-000000000000
111;20170401000390;2;2;883;0;0;111;49602216899231792204025431484720652267852539146549592066;0;shardId-000000000000
111;20170401000395;3;3;9781;1;0;111;49602216899231792204025431489346002453698110575133851650;0;shardId-000000000000
111;20170401000395;4;4;88;1;0;111;49602216899231792204025431489800558561873211213542850562;0;shardId-000000000000
111;20170401000395;7;7;40.71754:-73.98572;0;1;111;49602216899231792204025431490406230397500140430070644738;0;shardId-000000000000
111;20170401000395;6;6;33;0;0;111;49602216899231792204025431490528331905281217976715968514;0;shardId-000000000000
111;20170401000395;1;1;80;0;0;111;49602216899231792204025431490559763976591198335258329090;0;shardId-000000000000
111;20170401000395;2;2;1238;0;1;111;49602216899231792204025431490726595739698017230087258114;0;shardId-000000000000
111;20170401000400;4;4;89;1;0;111;49602216899231792204025431495561090092336919574615162882;0;shardId-000000000000
111;20170401000400;7;7;40.71752:-73.98567;0;1;111;49602216899231792204025431496094226378786971040660586498;0;shardId-000000000000
111;20170401000400;6;6;32;0;0;111;49602216899231792204025431496216327886568048587305910274;0;shardId-000000000000
111;20170401000400;1;1;82;1;0;111;49602216899231792204025431496459321976310589120141328386;0;shardId-000000000000
111;20170401000400;2;2;972;0;0;111;49602216899231792204025431496460530902130203749316034562;0;shardId-000000000000
111;20170401000400;3;3;9670;1;0;111;49602216899231792204025431497201602429553971433410920450;0;shardId-000000000000
111;20170401000405;4;4;92;1;1;111;49602216899231792204025431501328875177718315710735712258;0;shardId-000000000000
111;20170401000405;7;7;40.71751:-73.98563;0;1;111;49602216899231792204025431501481199830989758986748690434;0;shardId-000000000000
111;20170401000405;6;6;34;1;0;111;49602216899231792204025431501482408756809373615923396610;0;shardId-000000000000
111;20170401000405;1;1;54;0;0;111;49602216899231792204025431501785849137532645607494123522;0;shardId-000000000000
111;20170401000405;2;2;1310;0;1;111;49602216899231792204025431502270628391198111906551300098;0;shardId-000000000000
111;20170401000405;3;3;10251;0;0;111;49602216899231792204025431502392729898979189453196623874;0;shardId-000000000000
111;20170401000410;2;2;1118;0;0;111;49602216899231792204025431506987856939334395221132705794;0;shardId-000000000000
111;20170401000410;3;3;10302;0;0;111;49602216899231792204025431506989065865154009850307411970;0;shardId-000000000000
111;20170401000410;4;4;81;1;0;111;49602216899231792204025431506990274790973624479482118146;0;shardId-000000000000
111;20170401000410;7;7;40.71749:-73.98558;0;1;111;49602216899231792204025431506991483716793239177376301058;0;shardId-000000000000
111;20170401000410;6;6;31;0;0;111;49602216899231792204025431506992692642612853806551007234;0;shardId-000000000000
111;20170401000410;1;1;81;1;0;111;49602216899231792204025431507265909877845760000034603010;0;shardId-000000000000
111;20170401000415;7;7;40.7155:-73.97898;0;1;111;49602216899231792204025431511861036918200965767970684930;0;shardId-000000000000
111;20170401000415;6;6;34;1;0;111;49602216899231792204025431512194700444414603420189589506;0;shardId-000000000000
111;20170401000415;1;1;67;0;0;111;49602216899231792204025431512528363970628241072408494082;0;shardId-000000000000
111;20170401000415;2;2;1342;0;1;111;49602216899231792204025431513406044115668461853245177858;0;shardId-000000000000
111;20170401000415;3;3;9533;1;0;111;49602216899231792204025431514253501115218316973433683970;0;shardId-000000000000
111;20170401000415;4;4;94;1;1;111;49602216899231792204025431515100958114768172024902713346;0;shardId-000000000000
111;20170401000420;4;4;97;1;1;111;49602216899231792204025431518970729663354600288015089666;0;shardId-000000000000
111;20170401000420;7;7;40.7155:-73.97898;0;1;111;49602216899231792204025431520301756990750307009366589442;0;shardId-000000000000
111;20170401000420;6;6;30;0;0;111;49602216899231792204025431520907428826377236225894383618;0;shardId-000000000000
111;20170401000420;1;1;73;0;0;111;49602216899231792204025431520908637752196850855069089794;0;shardId-000000000000
111;20170401000420;2;2;1279;0;1;111;49602216899231792204025431520940069823506831282330927106;0;shardId-000000000000
111;20170401000420;3;3;9732;1;0;111;49602216899231792204025431520941278749326445911505633282;0;shardId-000000000000
111;20170401000425;4;4;83;1;0;111;49602216899231792204025431526473323299882989289839001602;0;shardId-000000000000
111;20170401000425;7;7;40.71533:-73.97834;0;1;111;49602216899231792204025431527199887717471381423837413378;0;shardId-000000000000
111;20170401000425;6;6;33;0;0;111;49602216899231792204025431527442881807213921887953354754;0;shardId-000000000000
111;20170401000425;1;1;88;1;0;111;49602216899231792204025431527444090733033536585847537666;0;shardId-000000000000
111;20170401000425;2;2;1206;0;1;111;49602216899231792204025431527687084822776077049963479042;0;shardId-000000000000
111;20170401000425;3;3;10145;0;0;111;49602216899231792204025431527930078912518617514079420418;0;shardId-000000000000
111;20170401000430;1;1;52;0;0;111;49602216899231792204025431531527842151691754212882907138;0;shardId-000000000000
111;20170401000430;2;2;728;1;0;111;49602216899231792204025431531801059386924660406366502914;0;shardId-000000000000
111;20170401000430;3;3;10416;0;0;111;49602216899231792204025431532588070095493783999100223490;0;shardId-000000000000
111;20170401000430;4;4;84;1;0;111;49602216899231792204025431532679948457784495816377892866;0;shardId-000000000000
111;20170401000430;7;7;40.71531:-73.97828;0;1;111;49602216899231792204025431532944703212280099674358022146;0;shardId-000000000000
111;20170401000430;6;6;32;0;0;111;49602216899231792204025431533256606073740674001432215554;0;shardId-000000000000
111;20170401000435;2;2;1191;0;0;111;49602216899231792204025431538335303441941731439250767874;0;shardId-000000000000
111;20170401000435;3;3;9409;1;0;111;49602216899231792204025431538578297531684271903366709250;0;shardId-000000000000
111;20170401000435;4;4;86;1;0;111;49602216899231792204025431538972407348878641014320922626;0;shardId-000000000000
111;20170401000435;7;7;40.71527:-73.97812;0;1;111;49602216899231792204025431539064285711169352831598592002;0;shardId-000000000000
111;20170401000435;6;6;33;0;0;111;49602216899231792204025431539549064964834819130655768578;0;shardId-000000000000
111;20170401000435;1;1;50;0;0;111;49602216899231792204025431539792059054577359663491186690;0;shardId-000000000000
111;20170401000440;6;6;31;0;0;111;49602216899231792204025431545112541586701342936250974210;0;shardId-000000000000
111;20170401000440;1;1;66;0;0;111;49602216899231792204025431545657767131347540694043459586;0;shardId-000000000000
111;20170401000440;2;2;1150;0;0;111;49602216899231792204025431545840314930109349699424092162;0;shardId-000000000000
111;20170401000440;3;3;10530;0;0;111;49602216899231792204025431546083309019851890163540033538;0;shardId-000000000000
111;20170401000440;4;4;86;1;0;111;49602216899231792204025431546809873437440282366257922050;0;shardId-000000000000
111;20170401000440;7;7;40.71519:-73.97784;0;1;111;49602216899231792204025431547415545273067211582785716226;0;shardId-000000000000
111;20170401000445;6;6;33;0;0;111;49602216899231792204025431551194647385182542589075652610;0;shardId-000000000000
111;20170401000445;1;1;85;1;0;111;49602216899231792204025431551890988657280569062425886722;0;shardId-000000000000
111;20170401000445;2;2;724;1;0;111;49602216899231792204025431552859338238791887031365533698;0;shardId-000000000000
111;20170401000445;3;3;10585;0;0;111;49602216899231792204025431553827687820303205000305180674;0;shardId-000000000000
111;20170401000445;4;4;87;1;0;111;49602216899231792204025431553828896746122819629479886850;0;shardId-000000000000
111;20170401000445;7;7;40.71508:-73.97743;0;1;111;49602216899231792204025431553950998253903897244844687362;0;shardId-000000000000
111;20170401000450;6;6;34;1;0;111;49602216899231792204025431556490951400914233347060793346;0;shardId-000000000000
111;20170401000450;1;1;83;1;0;111;49602216899231792204025431556492160326733847976235499522;0;shardId-000000000000
111;20170401000450;2;2;1258;0;1;111;49602216899231792204025431556493369252553462674129682434;0;shardId-000000000000
111;20170401000450;3;3;9933;1;0;111;49602216899231792204025431556494578178373077303304388610;0;shardId-000000000000
111;20170401000450;4;4;85;1;0;111;49602216899231792204025431556495787104192691932479094786;0;shardId-000000000000
111;20170401000450;7;7;40.71507:-73.97742;0;1;111;49602216899231792204025431556496996030012306630373277698;0;shardId-000000000000
111;20170401000455;6;6;32;0;0;111;49602216899231792204025431556498204955831921465706414082;0;shardId-000000000000
111;20170401000455;1;1;86;1;0;111;49602216899231792204025431556499413881651536094881120258;0;shardId-000000000000
111;20170401000455;2;2;1056;0;0;111;49602216899231792204025431556500622807471150792775303170;0;shardId-000000000000
111;20170401000455;3;3;9567;1;0;111;49602216899231792204025431556501831733290765421950009346;0;shardId-000000000000
111;20170401000455;4;4;80;1;0;111;49602216899231792204025431556503040659110380119844192258;0;shardId-000000000000
111;20170401000455;7;7;40.71486:-73.97668;0;1;111;49602216899231792204025431556504249584929994749018898434;0;shardId-000000000000
111;20170401000460;6;6;33;0;0;111;49602216899231792204025431556505458510749609584352034818;0;shardId-000000000000
111;20170401000460;1;1;88;1;0;111;49602216899231792204025431556506667436569224213526740994;0;shardId-000000000000
111;20170401000460;2;2;735;1;0;111;49602216899231792204025431556507876362388838911420923906;0;shardId-000000000000
111;20170401000460;3;3;10011;0;0;111;49602216899231792204025431556509085288208453540595630082;0;shardId-000000000000
111;20170401000460;4;4;99;1;1;111;49602216899231792204025431556510294214028068169770336258;0;shardId-000000000000
111;20170401000460;7;7;40.71484:-73.97662;0;1;111;49602216899231792204025431556511503139847682867664519170;0;shardId-000000000000
111;20170401000465;7;7;40.71482:-73.97652;0;1;111;49602216899231792204025431556512712065667297771717132290;0;shardId-000000000000
111;20170401000465;6;6;34;1;0;111;49602216899231792204025431556513920991486912400891838466;0;shardId-000000000000
111;20170401000465;1;1;67;0;0;111;49602216899231792204025431556515129917306527030066544642;0;shardId-000000000000
111;20170401000465;2;2;890;0;0;111;49602216899231792204025431556516338843126141727960727554;0;shardId-000000000000
111;20170401000465;3;3;10092;0;0;111;49602216899231792204025431556517547768945756357135433730;0;shardId-000000000000
111;20170401000465;4;4;90;1;0;111;49602216899231792204025431556518756694765370986310139906;0;shardId-000000000000
111;20170401000470;3;3;10093;0;0;111;49602216899231792204025431556522383472224215148712165378;0;shardId-000000000000
111;20170401000470;4;4;95;1;1;111;49602216899231792204025431556523592398043829777886871554;0;shardId-000000000000
111;20170401000470;7;7;40.71478:-73.97639;0;1;111;49602216899231792204025431556524801323863444407061577730;0;shardId-000000000000
111;20170401000470;6;6;30;0;0;111;49602216899231792204025431556526010249683059104955760642;0;shardId-000000000000
111;20170401000470;1;1;90;1;0;111;49602216899231792204025431556527219175502673734130466818;0;shardId-000000000000
111;20170401000470;2;2;1157;0;0;111;49602216899231792204025431556528428101322288363305172994;0;shardId-000000000000
111;20170401000475;6;6;31;0;0;111;49602216899231792204025431556529637027141903267357786114;0;shardId-000000000000
111;20170401000475;1;1;88;1;0;111;49602216899231792204025431556530845952961517896532492290;0;shardId-000000000000
111;20170401000475;2;2;1482;0;1;111;49602216899231792204025431556532054878781132525707198466;0;shardId-000000000000
111;20170401000475;3;3;9626;1;0;111;49602216899231792204025431556533263804600747223601381378;0;shardId-000000000000
111;20170401000475;4;4;89;1;0;111;49602216899231792204025431556534472730420361852776087554;0;shardId-000000000000
111;20170401000475;7;7;40.71474:-73.97624;0;1;111;49602216899231792204025431556535681656239976481950793730;0;shardId-000000000000
111;20170401000480;7;7;40.71447:-73.97529;0;1;111;49602216899231792204025431556536890582059591386003406850;0;shardId-000000000000
111;20170401000480;6;6;30;0;0;111;49602216899231792204025431556538099507879206015178113026;0;shardId-000000000000
111;20170401000480;1;1;81;1;0;111;49602216899231792204025431556539308433698820644352819202;0;shardId-000000000000
111;20170401000480;2;2;948;0;0;111;49602216899231792204025431556540517359518435273527525378;0;shardId-000000000000
111;20170401000480;3;3;9186;1;0;111;49602216899231792204025431556541726285338049971421708290;0;shardId-000000000000
111;20170401000480;4;4;95;1;1;111;49602216899231792204025431556542935211157664600596414466;0;shardId-000000000000
111;20170401000485;6;6;33;0;0;111;49602216899231792204025431556544144136977279504649027586;0;shardId-000000000000
111;20170401000485;1;1;52;0;0;111;49602216899231792204025431556545353062796894133823733762;0;shardId-000000000000
111;20170401000485;2;2;1286;0;1;111;49602216899231792204025431556546561988616508762998439938;0;shardId-000000000000
111;20170401000485;3;3;10362;0;0;111;49602216899231792204025431556547770914436123460892622850;0;shardId-000000000000
111;20170401000485;4;4;99;1;1;111;49602216899231792204025431556548979840255738090067329026;0;shardId-000000000000
111;20170401000485;7;7;40.71444:-73.97521;0;1;111;49602216899231792204025431556550188766075352719242035202;0;shardId-000000000000
111;20170401000490;1;1;73;0;0;111;49602216899231792204025431556551397691894967623294648322;0;shardId-000000000000
111;20170401000490;2;2;1080;0;0;111;49602216899231792204025431556552606617714582252469354498;0;shardId-000000000000
111;20170401000490;3;3;10573;0;0;111;49602216899231792204025431556553815543534196881644060674;0;shardId-000000000000
111;20170401000490;4;4;85;1;0;111;49602216899231792204025431556555024469353811510818766850;0;shardId-000000000000
111;20170401000490;7;7;40.7144:-73.97509;0;1;111;49602216899231792204025431556556233395173426208712949762;0;shardId-000000000000
111;20170401000490;6;6;31;0;0;111;49602216899231792204025431556557442320993040837887655938;0;shardId-000000000000
111;20170401000495;6;6;33;0;0;111;49602216899231792204025431556558651246812655741940269058;0;shardId-000000000000
111;20170401000495;1;1;64;0;0;111;49602216899231792204025431556559860172632270371114975234;0;shardId-000000000000
111;20170401000495;2;2;714;1;0;111;49602216899231792204025431556561069098451885000289681410;0;shardId-000000000000
111;20170401000495;3;3;10019;0;0;111;49602216899231792204025431556562278024271499629464387586;0;shardId-000000000000
111;20170401000495;4;4;99;1;1;111;49602216899231792204025431556563486950091114327358570498;0;shardId-000000000000
111;20170401000495;7;7;40.71276:-73.96956;0;1;111;49602216899231792204025431556564695875910728956533276674;0;shardId-000000000000
111;20170401000500;1;1;58;0;0;111;49602216899231792204025431556565904801730343791866413058;0;shardId-000000000000
111;20170401000500;2;2;1078;0;0;111;49602216899231792204025431556567113727549958489760595970;0;shardId-000000000000
111;20170401000500;3;3;10010;0;0;111;49602216899231792204025431556568322653369573118935302146;0;shardId-000000000000
111;20170401000500;4;4;96;1;1;111;49602216899231792204025431556569531579189187748110008322;0;shardId-000000000000
111;20170401000500;7;7;40.71263:-73.96913;0;1;111;49602216899231792204025431556570740505008802377284714498;0;shardId-000000000000
111;20170401000500;6;6;33;0;0;111;49602216899231792204025431556571949430828417075178897410;0;shardId-000000000000
111;20170401000505;2;2;755;0;0;111;49602216899231792204025431556573158356648031910512033794;0;shardId-000000000000
111;20170401000505;3;3;10074;0;0;111;49602216899231792204025431556574367282467646608406216706;0;shardId-000000000000
111;20170401000505;4;4;94;1;1;111;49602216899231792204025431556575576208287261237580922882;0;shardId-000000000000
111;20170401000505;7;7;40.71256:-73.9689;0;1;111;49602216899231792204025431556576785134106875866755629058;0;shardId-000000000000
111;20170401000505;6;6;31;0;0;111;49602216899231792204025431556577994059926490495930335234;0;shardId-000000000000
111;20170401000505;1;1;68;0;0;111;49602216899231792204025431556579202985746105125105041410;0;shardId-000000000000
111;20170401000510;4;4;92;1;1;111;49602216899231792204025431556580411911565720029157654530;0;shardId-000000000000
111;20170401000510;7;7;40.71249:-73.96867;0;1;111;49602216899231792204025431556581620837385334727051837442;0;shardId-000000000000
111;20170401000510;6;6;33;0;0;111;49602216899231792204025431556582829763204949356226543618;0;shardId-000000000000
111;20170401000510;1;1;88;1;0;111;49602216899231792204025431556584038689024563985401249794;0;shardId-000000000000
111;20170401000510;2;2;1072;0;0;111;49602216899231792204025431556585247614844178614575955970;0;shardId-000000000000
111;20170401000510;3;3;10040;0;0;111;49602216899231792204025431556586456540663793312470138882;0;shardId-000000000000
111;20170401000515;6;6;30;0;0;111;49602216899231792204025431556587665466483408147803275266;0;shardId-000000000000
111;20170401000515;1;1;60;0;0;111;49602216899231792204025431556588874392303022776977981442;0;shardId-000000000000
111;20170401000515;2;2;902;0;0;111;49602216899231792204025431556590083318122637474872164354;0;shardId-000000000000
111;20170401000515;3;3;9327;1;0;111;49602216899231792204025431556591292243942252104046870530;0;shardId-000000000000
111;20170401000515;4;4;87;1;0;111;49602216899231792204025431556592501169761866733221576706;0;shardId-000000000000
111;20170401000515;7;7;40.71225:-73.96788;0;1;111;49602216899231792204025431556593710095581481362396282882;0;shardId-000000000000
111;20170401000520;6;6;33;0;0;111;49602216899231792204025431556594919021401096266448896002;0;shardId-000000000000
111;20170401000520;1;1;58;0;0;111;49602216899231792204025431556596127947220710895623602178;0;shardId-000000000000
111;20170401000520;2;2;749;1;0;111;49602216899231792204025431556597336873040325593517785090;0;shardId-000000000000
111;20170401000520;3;3;9463;1;0;111;49602216899231792204025431556598545798859940222692491266;0;shardId-000000000000
111;20170401000520;4;4;82;1;0;111;49602216899231792204025431556599754724679554851867197442;0;shardId-000000000000
111;20170401000520;7;7;40.71221:-73.96773;0;1;111;49602216899231792204025431556600963650499169549761380354;0;shardId-000000000000
111;20170401000525;4;4;86;1;0;111;49602216899231792204025431556602172576318784385094516738;0;shardId-000000000000
111;20170401000525;7;7;40.71192:-73.96679;0;1;111;49602216899231792204025431556603381502138399014269222914;0;shardId-000000000000
111;20170401000525;6;6;30;0;0;111;49602216899231792204025431556604590427958013712163405826;0;shardId-000000000000
111;20170401000525;1;1;70;0;0;111;49602216899231792204025431556605799353777628341338112002;0;shardId-000000000000
111;20170401000525;2;2;710;1;0;111;49602216899231792204025431556607008279597242970512818178;0;shardId-000000000000
111;20170401000525;3;3;10026;0;0;111;49602216899231792204025431556608217205416857599687524354;0;shardId-000000000000
111;20170401000530;4;4;99;1;1;111;49602216899231792204025431556609426131236472572459614210;0;shardId-000000000000
111;20170401000530;7;7;40.71176:-73.96628;0;1;111;49602216899231792204025431556610635057056087201634320386;0;shardId-000000000000
111;20170401000530;6;6;32;0;0;111;49602216899231792204025431556611843982875701899528503298;0;shardId-000000000000
111;20170401000530;1;1;71;0;0;111;49602216899231792204025431556613052908695316528703209474;0;shardId-000000000000
111;20170401000530;2;2;1264;0;1;111;49602216899231792204025431556614261834514931157877915650;0;shardId-000000000000
111;20170401000530;3;3;10121;0;0;111;49602216899231792204025431556615470760334545787052621826;0;shardId-000000000000
111;20170401000535;7;7;40.71139:-73.96512;0;1;111;49602216899231792204025431556616679686154160691105234946;0;shardId-000000000000
111;20170401000535;6;6;31;0;0;111;49602216899231792204025431556617888611973775320279941122;0;shardId-000000000000
111;20170401000535;1;1;71;0;0;111;49602216899231792204025431556619097537793389949454647298;0;shardId-000000000000
111;20170401000535;2;2;1477;0;1;111;49602216899231792204025431556620306463613004647348830210;0;shardId-000000000000
111;20170401000535;3;3;9215;1;0;111;49602216899231792204025431556621515389432619276523536386;0;shardId-000000000000
111;20170401000535;4;4;88;1;0;111;49602216899231792204025431556622724315252233905698242562;0;shardId-000000000000
111;20170401000540;7;7;40.71091:-73.96357;0;1;111;49602216899231792204025431556623933241071848809750855682;0;shardId-000000000000
111;20170401000540;6;6;34;1;0;111;49602216899231792204025431556625142166891463438925561858;0;shardId-000000000000
111;20170401000540;1;1;53;0;0;111;49602216899231792204025431556626351092711078068100268034;0;shardId-000000000000
111;20170401000540;2;2;1273;0;1;111;49602216899231792204025431556627560018530692765994450946;0;shardId-000000000000
111;20170401000540;3;3;10675;0;0;111;49602216899231792204025431556628768944350307395169157122;0;shardId-000000000000
111;20170401000540;4;4;89;1;0;111;49602216899231792204025431556629977870169922024343863298;0;shardId-000000000000
111;20170401000545;1;1;69;0;0;111;49602216899231792204025431556631186795989536928396476418;0;shardId-000000000000
111;20170401000545;2;2;936;0;0;111;49602216899231792204025431556632395721809151557571182594;0;shardId-000000000000
111;20170401000545;3;3;9591;1;0;111;49602216899231792204025431556633604647628766186745888770;0;shardId-000000000000
111;20170401000545;4;4;83;1;0;111;49602216899231792204025431556634813573448380815920594946;0;shardId-000000000000
111;20170401000545;7;7;40.71085:-73.96339;0;1;111;49602216899231792204025431556636022499267995513814777858;0;shardId-000000000000
111;20170401000545;6;6;34;1;0;111;49602216899231792204025431556637231425087610142989484034;0;shardId-000000000000
111;20170401000550;3;3;9563;1;0;111;49602216899231792204025431556638440350907225047042097154;0;shardId-000000000000
111;20170401000550;4;4;83;1;0;111;49602216899231792204025431556639649276726839676216803330;0;shardId-000000000000
111;20170401000550;7;7;40.71073:-73.963;0;1;111;49602216899231792204025431556640858202546454305391509506;0;shardId-000000000000
111;20170401000550;6;6;32;0;0;111;49602216899231792204025431556642067128366069003285692418;0;shardId-000000000000
111;20170401000550;1;1;83;1;0;111;49602216899231792204025431556643276054185683632460398594;0;shardId-000000000000
111;20170401000550;2;2;1007;0;0;111;49602216899231792204025431556644484980005298261635104770;0;shardId-000000000000
111;20170401000555;1;1;71;0;0;111;49602216899231792204025431556645693905824913165687717890;0;shardId-000000000000
111;20170401000555;2;2;786;0;0;111;49602216899231792204025431556646902831644527794862424066;0;shardId-000000000000
111;20170401000555;3;3;10473;0;0;111;49602216899231792204025431556648111757464142424037130242;0;shardId-000000000000
111;20170401000555;4;4;83;1;0;111;49602216899231792204025431556649320683283757053211836418;0;shardId-000000000000
111;20170401000555;7;7;40.71062:-73.96275;0;1;111;49602216899231792204025431556650529609103371751106019330;0;shardId-000000000000
111;20170401000555;6;6;30;0;0;111;49602216899231792204025431556651738534922986380280725506;0;shardId-000000000000
111;20170401000560;2;2;1055;0;0;111;49602216899231792204025431556652947460742601284333338626;0;shardId-000000000000
111;20170401000560;3;3;9363;1;0;111;49602216899231792204025431556654156386562215913508044802;0;shardId-000000000000
111;20170401000560;4;4;87;1;0;111;49602216899231792204025431556655365312381830542682750978;0;shardId-000000000000
111;20170401000560;7;7;40.71043:-73.96215;0;1;111;49602216899231792204025431556656574238201445171857457154;0;shardId-000000000000
111;20170401000560;6;6;33;0;0;111;49602216899231792204025431556657783164021059869751640066;0;shardId-000000000000
111;20170401000560;1;1;77;0;0;111;49602216899231792204025431556658992089840674498926346242;0;shardId-000000000000
111;20170401000565;6;6;30;0;0;111;49602216899231792204025431556660201015660289334259482626;0;shardId-000000000000
111;20170401000565;1;1;59;0;0;111;49602216899231792204025431556661409941479904032153665538;0;shardId-000000000000
111;20170401000565;2;2;1050;0;0;111;49602216899231792204025431556662618867299518661328371714;0;shardId-000000000000
111;20170401000565;3;3;9458;1;0;111;49602216899231792204025431556663827793119133359222554626;0;shardId-000000000000
111;20170401000565;4;4;94;1;1;111;49602216899231792204025431556665036718938747988397260802;0;shardId-000000000000
111;20170401000565;7;7;40.71031:-73.96176;0;1;111;49602216899231792204025431556666245644758362617571966978;0;shardId-000000000000
111;20170401000570;6;6;34;1;0;111;49602216899231792204025431556667454570577977521624580098;0;shardId-000000000000
111;20170401000570;1;1;66;0;0;111;49602216899231792204025431556668663496397592150799286274;0;shardId-000000000000
111;20170401000570;2;2;1290;0;1;111;49602216899231792204025431556669872422217206779973992450;0;shardId-000000000000
111;20170401000570;3;3;9868;1;0;111;49602216899231792204025431556671081348036821409148698626;0;shardId-000000000000
111;20170401000570;4;4;84;1;0;111;49602216899231792204025431556672290273856436107042881538;0;shardId-000000000000
111;20170401000570;7;7;40.71019:-73.96137;0;1;111;49602216899231792204025431556673499199676050736217587714;0;shardId-000000000000
111;20170401000575;6;6;31;0;0;111;49602216899231792204025431556674708125495665571550724098;0;shardId-000000000000
111;20170401000575;1;1;77;0;0;111;49602216899231792204025431556675917051315280269444907010;0;shardId-000000000000
111;20170401000575;2;2;1451;0;1;111;49602216899231792204025431556677125977134894898619613186;0;shardId-000000000000
111;20170401000575;3;3;10275;0;0;111;49602216899231792204025431556678334902954509527794319362;0;shardId-000000000000
111;20170401000575;4;4;92;1;1;111;49602216899231792204025431556679543828774124156969025538;0;shardId-000000000000
111;20170401000575;7;7;40.71014:-73.96119;0;1;111;49602216899231792204025431556680752754593738786143731714;0;shardId-000000000000
111;20170401000580;7;7;40.71012:-73.96107;0;1;111;49602216899231792204025431556681961680413353690196344834;0;shardId-000000000000
111;20170401000580;6;6;31;0;0;111;49602216899231792204025431556683170606232968388090527746;0;shardId-000000000000
111;20170401000580;1;1;87;1;0;111;49602216899231792204025431556684379532052583017265233922;0;shardId-000000000000
111;20170401000580;2;2;1356;0;1;111;49602216899231792204025431556685588457872197646439940098;0;shardId-000000000000
111;20170401000580;3;3;9593;1;0;111;49602216899231792204025431556686797383691812275614646274;0;shardId-000000000000
111;20170401000580;4;4;85;1;0;111;49602216899231792204025431556688006309511426973508829186;0;shardId-000000000000
111;20170401000585;4;4;87;1;0;111;49602216899231792204025431556689215235331041808841965570;0;shardId-000000000000
111;20170401000585;7;7;40.71008:-73.96087;0;1;111;49602216899231792204025431556690424161150656438016671746;0;shardId-000000000000
111;20170401000585;6;6;33;0;0;111;49602216899231792204025431556691633086970271135910854658;0;shardId-000000000000
111;20170401000585;1;1;50;0;0;111;49602216899231792204025431556692842012789885765085560834;0;shardId-000000000000
111;20170401000585;2;2;728;1;0;111;49602216899231792204025431556694050938609500394260267010;0;shardId-000000000000
111;20170401000585;3;3;9440;1;0;111;49602216899231792204025431556695259864429115092154449922;0;shardId-000000000000
111;20170401000590;1;1;51;0;0;111;49602216899231792204025431556696468790248729927487586306;0;shardId-000000000000
111;20170401000590;2;2;1041;0;0;111;49602216899231792204025431556697677716068344556662292482;0;shardId-000000000000
111;20170401000590;3;3;9618;1;0;111;49602216899231792204025431556698886641887959254556475394;0;shardId-000000000000
111;20170401000590;4;4;83;1;0;111;49602216899231792204025431556700095567707573883731181570;0;shardId-000000000000
111;20170401000590;7;7;40.71006:-73.96077;0;1;111;49602216899231792204025431556701304493527188512905887746;0;shardId-000000000000
111;20170401000590;6;6;32;0;0;111;49602216899231792204025431556702513419346803210800070658;0;shardId-000000000000
111;20170401000595;6;6;32;0;0;111;49602216899231792204025431556703722345166418114852683778;0;shardId-000000000000
111;20170401000595;1;1;87;1;0;111;49602216899231792204025431556704931270986032744027389954;0;shardId-000000000000
111;20170401000595;2;2;759;0;0;111;49602216899231792204025431556706140196805647373202096130;0;shardId-000000000000
111;20170401000595;3;3;10143;0;0;111;49602216899231792204025431556707349122625262071096279042;0;shardId-000000000000
111;20170401000595;4;4;92;1;1;111;49602216899231792204025431556708558048444876700270985218;0;shardId-000000000000
111;20170401000595;7;7;40.71004:-73.96057;0;1;111;49602216899231792204025431556709766974264491329445691394;0;shardId-000000000000
111;20170401000600;1;1;79;0;0;111;49602216899231792204025431557060355461952734064988389378;0;shardId-000000000000
111;20170401000600;2;2;760;0;0;111;49602216899231792204025431557114757123835392377850167298;0;shardId-000000000000
111;20170401000600;3;3;10324;0;0;111;49602216899231792204025431557155860601702289838509654018;0;shardId-000000000000
111;20170401000600;4;4;81;1;0;111;49602216899231792204025431557219933670141865184769081346;0;shardId-000000000000
111;20170401000600;7;7;40.71003:-73.96042;0;1;111;49602216899231792204025431557258619296369533318359678978;0;shardId-000000000000
111;20170401000600;6;6;34;1;0;111;49602216899231792204025431557297304922597201451950276610;0;shardId-000000000000
111;20170401000605;2;2;1137;0;0;111;49602216899231792204025431557898141054945672426657153026;0;shardId-000000000000
111;20170401000605;3;3;10627;0;0;111;49602216899231792204025431557940453458632184447771869186;0;shardId-000000000000
111;20170401000605;4;4;89;1;0;111;49602216899231792204025431557975512307401008693838348290;0;shardId-000000000000
111;20170401000605;7;7;40.71003:-73.96042;0;1;111;49602216899231792204025431558005735452891374491925479426;0;shardId-000000000000
111;20170401000605;6;6;32;0;0;111;49602216899231792204025431558051674634036730400564314114;0;shardId-000000000000
111;20170401000605;1;1;52;0;0;111;49602216899231792204025431558102449518460544825901973506;0;shardId-000000000000
111;20170401000610;7;7;40.71003:-73.96026;0;1;111;49602216899231792204025431558774612274166278921916514306;0;shardId-000000000000
111;20170401000610;6;6;32;0;0;111;49602216899231792204025431558818133603672405572205936642;0;shardId-000000000000
111;20170401000610;1;1;62;0;0;111;49602216899231792204025431558868908488096219997543596034;0;shardId-000000000000
111;20170401000610;2;2;993;0;0;111;49602216899231792204025431558910011965963117458203082754;0;shardId-000000000000
111;20170401000610;3;3;9596;1;0;111;49602216899231792204025431558949906518010400220968386562;0;shardId-000000000000
111;20170401000610;4;4;99;1;1;111;49602216899231792204025431559003099254073443904655458306;0;shardId-000000000000
111;20170401000615;4;4;80;1;0;111;49602216899231792204025431559665590603222260967272349698;0;shardId-000000000000
111;20170401000615;7;7;40.71004:-73.96012;0;1;111;49602216899231792204025431559729663671661836313531777026;0;shardId-000000000000
111;20170401000615;6;6;33;0;0;111;49602216899231792204025431559767140372069889817947668482;0;shardId-000000000000
111;20170401000615;1;1;67;0;0;111;49602216899231792204025431559810661701576016536956567554;0;shardId-000000000000
111;20170401000615;2;2;700;1;0;111;49602216899231792204025431559859018734360601703944814594;0;shardId-000000000000
111;20170401000615;3;3;10139;0;0;111;49602216899231792204025431559901331138047113725059530754;0;shardId-000000000000
111;20170401000620;6;6;30;0;0;111;49602216899231792204025431560565031413015545348131651586;0;shardId-000000000000
111;20170401000620;1;1;80;0;0;111;49602216899231792204025431560601299187603984292092313602;0;shardId-000000000000
111;20170401000620;2;2;774;0;0;111;49602216899231792204025431560662954404404330380002328578;0;shardId-000000000000
111;20170401000620;3;3;9765;1;0;111;49602216899231792204025431560711311437188915615710052354;0;shardId-000000000000
111;20170401000620;4;4;89;1;0;111;49602216899231792204025431560754832766695042265999474690;0;shardId-000000000000
111;20170401000620;7;7;40.71005:-73.95998;0;1;111;49602216899231792204025431560789891615463866512065953794;0;shardId-000000000000
111;20170401000625;7;7;40.71008:-73.95966;0;1;111;49602216899231792204025431561437875854777308024586371074;0;shardId-000000000000
111;20170401000625;6;6;34;1;0;111;49602216899231792204025431561503157849036498000020504578;0;shardId-000000000000
111;20170401000625;1;1;81;1;0;111;49602216899231792204025431561551514881821083167008751618;0;shardId-000000000000
111;20170401000625;2;2;1075;0;0;111;49602216899231792204025431561608334395342970806939418626;0;shardId-000000000000
111;20170401000625;3;3;10693;0;0;111;49602216899231792204025431561650646799029482828054134786;0;shardId-000000000000
111;20170401000625;4;4;90;1;0;111;49602216899231792204025431561711093090010214286789443586;0;shardId-000000000000
111;20170401000630;6;6;31;0;0;111;49602216899231792204025431562033876283847320551313899522;0;shardId-000000000000
111;20170401000630;1;1;80;0;0;111;49602216899231792204025431562039920912945393697187430402;0;shardId-000000000000
111;20170401000630;2;2;1403;0;1;111;49602216899231792204025431562041129838765008326362136578;0;shardId-000000000000
111;20170401000630;3;3;10043;0;0;111;49602216899231792204025431562042338764584622955536842754;0;shardId-000000000000
111;20170401000630;4;4;83;1;0;111;49602216899231792204025431562043547690404237653431025666;0;shardId-000000000000
111;20170401000630;7;7;40.71009:-73.9595;0;1;111;49602216899231792204025431562044756616223852282605731842;0;shardId-000000000000
111;20170401000635;1;1;55;0;0;111;49602216899231792204025431562045965542043467186658344962;0;shardId-000000000000
111;20170401000635;2;2;1484;0;1;111;49602216899231792204025431562047174467863081815833051138;0;shardId-000000000000
111;20170401000635;3;3;9598;1;0;111;49602216899231792204025431562048383393682696445007757314;0;shardId-000000000000
111;20170401000635;4;4;89;1;0;111;49602216899231792204025431562049592319502311074182463490;0;shardId-000000000000
111;20170401000635;7;7;40.71016:-73.95885;0;1;111;49602216899231792204025431562050801245321925772076646402;0;shardId-000000000000
111;20170401000635;6;6;30;0;0;111;49602216899231792204025431562052010171141540401251352578;0;shardId-000000000000
111;20170401000640;1;1;71;0;0;111;49602216899231792204025431562053219096961155236584488962;0;shardId-000000000000
111;20170401000640;2;2;970;0;0;111;49602216899231792204025431562054428022780769934478671874;0;shardId-000000000000
111;20170401000640;3;3;10435;0;0;111;49602216899231792204025431562055636948600384563653378050;0;shardId-000000000000
111;20170401000640;4;4;86;1;0;111;49602216899231792204025431562056845874419999192828084226;0;shardId-000000000000
111;20170401000640;7;7;40.71018:-73.95868;0;1;111;49602216899231792204025431562058054800239613890722267138;0;shardId-000000000000
111;20170401000640;6;6;32;0;0;111;49602216899231792204025431562059263726059228519896973314;0;shardId-000000000000
111;20170401000645;6;6;31;0;0;111;49602216899231792204025431562060472651878843355230109698;0;shardId-000000000000
111;20170401000645;1;1;59;0;0;111;49602216899231792204025431562061681577698457984404815874;0;shardId-000000000000
111;20170401000645;2;2;791;0;0;111;49602216899231792204025431562062890503518072682298998786;0;shardId-000000000000
111;20170401000645;3;3;10411;0;0;111;49602216899231792204025431562064099429337687311473704962;0;shardId-000000000000
111;20170401000645;4;4;82;1;0;111;49602216899231792204025431562065308355157301940648411138;0;shardId-000000000000
111;20170401000645;7;7;40.7102:-73.95854;0;1;111;49602216899231792204025431562066517280976916638542594050;0;shardId-000000000000
111;20170401000650;2;2;884;0;0;111;49602216899231792204025431562067726206796531473875730434;0;shardId-000000000000
111;20170401000650;3;3;10353;0;0;111;49602216899231792204025431562068935132616146171769913346;0;shardId-000000000000
111;20170401000650;4;4;86;1;0;111;49602216899231792204025431562070144058435760800944619522;0;shardId-000000000000
111;20170401000650;7;7;40.7102:-73.95846;0;1;111;49602216899231792204025431562071352984255375430119325698;0;shardId-000000000000
111;20170401000650;6;6;33;0;0;111;49602216899231792204025431562072561910074990059294031874;0;shardId-000000000000
111;20170401000650;1;1;78;0;0;111;49602216899231792204025431562073770835894604688468738050;0;shardId-000000000000
111;20170401000655;1;1;69;0;0;111;49602216899231792204025431562074979761714219592521351170;0;shardId-000000000000
111;20170401000655;2;2;972;0;0;111;49602216899231792204025431562076188687533834221696057346;0;shardId-000000000000
111;20170401000655;3;3;10415;0;0;111;49602216899231792204025431562077397613353448850870763522;0;shardId-000000000000
111;20170401000655;4;4;89;1;0;111;49602216899231792204025431562078606539173063548764946434;0;shardId-000000000000
111;20170401000655;7;7;40.71023:-73.95813;0;1;111;49602216899231792204025431562079815464992678177939652610;0;shardId-000000000000
111;20170401000655;6;6;34;1;0;111;49602216899231792204025431562081024390812292807114358786;0;shardId-000000000000
111;20170401000660;2;2;829;0;0;111;49602216899231792204025431562082233316631907779886448642;0;shardId-000000000000
111;20170401000660;3;3;9289;1;0;111;49602216899231792204025431562083442242451522409061154818;0;shardId-000000000000
111;20170401000660;4;4;83;1;0;111;49602216899231792204025431562084651168271137038235860994;0;shardId-000000000000
111;20170401000660;7;7;40.71027:-73.95772;0;1;111;49602216899231792204025431562085860094090751736130043906;0;shardId-000000000000
111;20170401000660;6;6;34;1;0;111;49602216899231792204025431562087069019910366365304750082;0;shardId-000000000000
111;20170401000660;1;1;60;0;0;111;49602216899231792204025431562088277945729980994479456258;0;shardId-000000000000
111;20170401000665;3;3;10057;0;0;111;49602216899231792204025431562089486871549595898532069378;0;shardId-000000000000
111;20170401000665;4;4;86;1;0;111;49602216899231792204025431562090695797369210527706775554;0;shardId-000000000000
111;20170401000665;7;7;40.7103:-73.95746;0;1;111;49602216899231792204025431562091904723188825156881481730;0;shardId-000000000000
111;20170401000665;6;6;30;0;0;111;49602216899231792204025431562093113649008439854775664642;0;shardId-000000000000
111;20170401000665;1;1;59;0;0;111;49602216899231792204025431562094322574828054483950370818;0;shardId-000000000000
111;20170401000665;2;2;799;0;0;111;49602216899231792204025431562095531500647669113125076994;0;shardId-000000000000
111;20170401000670;4;4;81;1;0;111;49602216899231792204025431562096740426467284017177690114;0;shardId-000000000000
111;20170401000670;7;7;40.71032:-73.95728;0;1;111;49602216899231792204025431562097949352286898646352396290;0;shardId-000000000000
111;20170401000670;6;6;30;0;0;111;49602216899231792204025431562099158278106513275527102466;0;shardId-000000000000
111;20170401000670;1;1;88;1;0;111;49602216899231792204025431562100367203926127973421285378;0;shardId-000000000000
111;20170401000670;2;2;1368;0;1;111;49602216899231792204025431562101576129745742671315468290;0;shardId-000000000000
111;20170401000670;3;3;9759;1;0;111;49602216899231792204025431562102785055565357369209651202;0;shardId-000000000000
111;20170401000675;2;2;747;1;0;111;49602216899231792204025431562103993981384972135823310850;0;shardId-000000000000
111;20170401000675;3;3;9996;1;0;111;49602216899231792204025431562105202907204586764998017026;0;shardId-000000000000
111;20170401000675;4;4;89;1;0;111;49602216899231792204025431562106411833024201394172723202;0;shardId-000000000000
111;20170401000675;7;7;40.71034:-73.9572;0;1;111;49602216899231792204025431562107620758843816092066906114;0;shardId-000000000000
111;20170401000675;6;6;33;0;0;111;49602216899231792204025431562108829684663430721241612290;0;shardId-000000000000
111;20170401000675;1;1;84;1;0;111;49602216899231792204025431562110038610483045350416318466;0;shardId-000000000000
111;20170401000680;3;3;10145;0;0;111;49602216899231792204025431562111247536302660254468931586;0;shardId-000000000000
111;20170401000680;4;4;98;1;1;111;49602216899231792204025431562112456462122274883643637762;0;shardId-000000000000
111;20170401000680;7;7;40.71036:-73.9571;0;1;111;49602216899231792204025431562113665387941889512818343938;0;shardId-000000000000
111;20170401000680;6;6;31;0;0;111;49602216899231792204025431562114874313761504141993050114;0;shardId-000000000000
111;20170401000680;1;1;63;0;0;111;49602216899231792204025431562116083239581118771167756290;0;shardId-000000000000
111;20170401000680;2;2;1148;0;0;111;49602216899231792204025431562117292165400733469061939202;0;shardId-000000000000
111;20170401000685;6;6;33;0;0;111;49602216899231792204025431562118501091220348373114552322;0;shardId-000000000000
111;20170401000685;1;1;64;0;0;111;49602216899231792204025431562119710017039963002289258498;0;shardId-000000000000
111;20170401000685;2;2;1485;0;1;111;49602216899231792204025431562120918942859577631463964674;0;shardId-000000000000
111;20170401000685;3;3;9869;1;0;111;49602216899231792204025431562122127868679192260638670850;0;shardId-000000000000
111;20170401000685;4;4;97;1;1;111;49602216899231792204025431562123336794498806958532853762;0;shardId-000000000000
111;20170401000685;7;7;40.71038:-73.95701;0;1;111;49602216899231792204025431562124545720318421587707559938;0;shardId-000000000000
111;20170401000690;6;6;30;0;0;111;49602216899231792204025431562125754646138036423040696322;0;shardId-000000000000
111;20170401000690;1;1;72;0;0;111;49602216899231792204025431562126963571957651120934879234;0;shardId-000000000000
111;20170401000690;2;2;1244;0;1;111;49602216899231792204025431562128172497777265750109585410;0;shardId-000000000000
111;20170401000690;3;3;10504;0;0;111;49602216899231792204025431562129381423596880379284291586;0;shardId-000000000000
111;20170401000690;4;4;89;1;0;111;49602216899231792204025431562130590349416495008458997762;0;shardId-000000000000
111;20170401000690;7;7;40.7104:-73.95691;0;1;111;49602216899231792204025431562131799275236109706353180674;0;shardId-000000000000
111;20170401000695;2;2;1244;0;1;111;49602216899231792204025431562133008201055724610405793794;0;shardId-000000000000
111;20170401000695;3;3;9592;1;0;111;49602216899231792204025431562134217126875339239580499970;0;shardId-000000000000
111;20170401000695;4;4;88;1;0;111;49602216899231792204025431562135426052694953868755206146;0;shardId-000000000000
111;20170401000695;7;7;40.71044:-73.95677;0;1;111;49602216899231792204025431562136634978514568497929912322;0;shardId-000000000000
111;20170401000695;6;6;31;0;0;111;49602216899231792204025431562137843904334183127104618498;0;shardId-000000000000
111;20170401000695;1;1;65;0;0;111;49602216899231792204025431562139052830153797756279324674;0;shardId-000000000000
111;20170401000700;6;6;31;0;0;111;49602216899231792204025431562140261755973412729051414530;0;shardId-000000000000
111;20170401000700;1;1;60;0;0;111;49602216899231792204025431562141470681793027358226120706;0;shardId-000000000000
111;20170401000700;2;2;1078;0;0;111;49602216899231792204025431562142679607612641987400826882;0;shardId-000000000000
111;20170401000700;3;3;10147;0;0;111;49602216899231792204025431562143888533432256616575533058;0;shardId-000000000000
111;20170401000700;4;4;87;1;0;111;49602216899231792204025431562145097459251871245750239234;0;shardId-000000000000
111;20170401000700;7;7;40.71048:-73.95665;0;1;111;49602216899231792204025431562146306385071485943644422146;0;shardId-000000000000
111;20170401000705;1;1;58;0;0;111;49602216899231792204025431562147515310891100778977558530;0;shardId-000000000000
111;20170401000705;2;2;1221;0;1;111;49602216899231792204025431562148724236710715476871741442;0;shardId-000000000000
111;20170401000705;3;3;9543;1;0;111;49602216899231792204025431562149933162530330106046447618;0;shardId-000000000000
111;20170401000705;4;4;95;1;1;111;49602216899231792204025431562151142088349944735221153794;0;shardId-000000000000
111;20170401000705;7;7;40.71051:-73.95658;0;1;111;49602216899231792204025431562152351014169559433115336706;0;shardId-000000000000
111;20170401000705;6;6;31;0;0;111;49602216899231792204025431562153559939989174062290042882;0;shardId-000000000000
111;20170401000710;1;1;60;0;0;111;49602216899231792204025431562154768865808788897623179266;0;shardId-000000000000
111;20170401000710;2;2;1175;0;0;111;49602216899231792204025431562155977791628403595517362178;0;shardId-000000000000
111;20170401000710;3;3;10034;0;0;111;49602216899231792204025431562157186717448018224692068354;0;shardId-000000000000
111;20170401000710;4;4;94;1;1;111;49602216899231792204025431562158395643267632853866774530;0;shardId-000000000000
111;20170401000710;7;7;40.71053:-73.95652;0;1;111;49602216899231792204025431562159604569087247483041480706;0;shardId-000000000000
111;20170401000710;6;6;32;0;0;111;49602216899231792204025431562160813494906862180935663618;0;shardId-000000000000
111;20170401000715;2;2;1257;0;1;111;49602216899231792204025431562162022420726477016268800002;0;shardId-000000000000
111;20170401000715;3;3;10022;0;0;111;49602216899231792204025431562163231346546091645443506178;0;shardId-000000000000
111;20170401000715;4;4;85;1;0;111;49602216899231792204025431562164440272365706343337689090;0;shardId-000000000000
111;20170401000715;7;7;40.71059:-73.9564;0;1;111;49602216899231792204025431562165649198185320972512395266;0;shardId-000000000000
111;20170401000715;6;6;30;0;0;111;49602216899231792204025431562166858124004935601687101442;0;shardId-000000000000
111;20170401000715;1;1;61;0;0;111;49602216899231792204025431562168067049824550299581284354;0;shardId-000000000000
111;20170401000720;6;6;31;0;0;111;49602216899231792204025431562169275975644165203633897474;0;shardId-000000000000
111;20170401000720;1;1;63;0;0;111;49602216899231792204025431562170484901463779832808603650;0;shardId-000000000000
111;20170401000720;2;2;1014;0;0;111;49602216899231792204025431562171693827283394530702786562;0;shardId-000000000000
111;20170401000720;3;3;9069;1;0;111;49602216899231792204025431562172902753103009159877492738;0;shardId-000000000000
111;20170401000720;4;4;92;1;1;111;49602216899231792204025431562174111678922623789052198914;0;shardId-000000000000
111;20170401000720;7;7;40.71062:-73.95633;0;1;111;49602216899231792204025431562175320604742238418226905090;0;shardId-000000000000
111;20170401000725;6;6;32;0;0;111;49602216899231792204025431562176529530561853322279518210;0;shardId-000000000000
111;20170401000725;1;1;64;0;0;111;49602216899231792204025431562177738456381467951454224386;0;shardId-000000000000
111;20170401000725;2;2;920;0;0;111;49602216899231792204025431562178947382201082649348407298;0;shardId-000000000000
111;20170401000725;3;3;10279;0;0;111;49602216899231792204025431562180156308020697278523113474;0;shardId-000000000000
111;20170401000725;4;4;80;1;0;111;49602216899231792204025431562181365233840311907697819650;0;shardId-000000000000
111;20170401000725;7;7;40.71074:-73.9561;0;1;111;49602216899231792204025431562182574159659926536872525826;0;shardId-000000000000
111;20170401000730;7;7;40.71096:-73.95578;0;1;111;49602216899231792204025431562183783085479541440925138946;0;shardId-000000000000
111;20170401000730;6;6;32;0;0;111;49602216899231792204025431562184992011299156138819321858;0;shardId-000000000000
111;20170401000730;1;1;57;0;0;111;49602216899231792204025431562186200937118770767994028034;0;shardId-000000000000
111;20170401000730;2;2;863;0;0;111;49602216899231792204025431562187409862938385397168734210;0;shardId-000000000000
111;20170401000730;3;3;9920;1;0;111;49602216899231792204025431562188618788758000026343440386;0;shardId-000000000000
111;20170401000730;4;4;83;1;0;111;49602216899231792204025431562189827714577614655518146562;0;shardId-000000000000
111;20170401000735;6;6;32;0;0;111;49602216899231792204025431562191036640397229559570759682;0;shardId-000000000000
111;20170401000735;1;1;55;0;0;111;49602216899231792204025431562192245566216844188745465858;0;shardId-000000000000
111;20170401000735;2;2;1125;0;0;111;49602216899231792204025431562193454492036458817920172034;0;shardId-000000000000
111;20170401000735;3;3;9706;1;0;111;49602216899231792204025431562194663417856073515814354946;0;shardId-000000000000
111;20170401000735;4;4;91;1;1;111;49602216899231792204025431562195872343675688144989061122;0;shardId-000000000000
111;20170401000735;7;7;40.71116:-73.95554;0;1;111;49602216899231792204025431562197081269495302774163767298;0;shardId-000000000000
111;20170401000740;3;3;9237;1;0;111;49602216899231792204025431562198290195314917678216380418;0;shardId-000000000000
111;20170401000740;4;4;95;1;1;111;49602216899231792204025431562199499121134532307391086594;0;shardId-000000000000
111;20170401000740;7;7;40.71143:-73.95529;0;1;111;49602216899231792204025431562200708046954146936565792770;0;shardId-000000000000
111;20170401000740;6;6;33;0;0;111;49602216899231792204025431562201916972773761565740498946;0;shardId-000000000000
111;20170401000740;1;1;70;0;0;111;49602216899231792204025431562203125898593376194915205122;0;shardId-000000000000
111;20170401000740;2;2;1093;0;0;111;49602216899231792204025431562204334824412990892809388034;0;shardId-000000000000
111;20170401000745;7;7;40.71145:-73.95527;0;1;111;49602216899231792204025431562205543750232605796862001154;0;shardId-000000000000
111;20170401000745;6;6;32;0;0;111;49602216899231792204025431562206752676052220426036707330;0;shardId-000000000000
111;20170401000745;1;1;51;0;0;111;49602216899231792204025431562207961601871835055211413506;0;shardId-000000000000
111;20170401000745;2;2;784;0;0;111;49602216899231792204025431562209170527691449684386119682;0;shardId-000000000000
111;20170401000745;3;3;9874;1;0;111;49602216899231792204025431562210379453511064313560825858;0;shardId-000000000000
111;20170401000745;4;4;80;1;0;111;49602216899231792204025431562211588379330678942735532034;0;shardId-000000000000
111;20170401000750;3;3;9684;1;0;111;49602216899231792204025431562212797305150293915507621890;0;shardId-000000000000
111;20170401000750;4;4;99;1;1;111;49602216899231792204025431562214006230969908544682328066;0;shardId-000000000000
111;20170401000750;7;7;40.71162:-73.95515;0;1;111;49602216899231792204025431562215215156789523173857034242;0;shardId-000000000000
111;20170401000750;6;6;34;1;0;111;49602216899231792204025431562216424082609137803031740418;0;shardId-000000000000
111;20170401000750;1;1;77;0;0;111;49602216899231792204025431562217633008428752500925923330;0;shardId-000000000000
111;20170401000750;2;2;948;0;0;111;49602216899231792204025431562218841934248367130100629506;0;shardId-000000000000
111;20170401000755;3;3;10396;0;0;111;49602216899231792204025431562220050860067982034153242626;0;shardId-000000000000
111;20170401000755;4;4;99;1;1;111;49602216899231792204025431562221259785887596663327948802;0;shardId-000000000000
111;20170401000755;7;7;40.71189:-73.95497;0;1;111;49602216899231792204025431562222468711707211292502654978;0;shardId-000000000000
111;20170401000755;6;6;32;0;0;111;49602216899231792204025431562223677637526825921677361154;0;shardId-000000000000
111;20170401000755;1;1;69;0;0;111;49602216899231792204025431562224886563346440550852067330;0;shardId-000000000000
111;20170401000755;2;2;910;0;0;111;49602216899231792204025431562226095489166055180026773506;0;shardId-000000000000
111;20170401000760;7;7;40.71233:-73.95468;0;1;111;49602216899231792204025431562227304414985670084079386626;0;shardId-000000000000
111;20170401000760;6;6;33;0;0;111;49602216899231792204025431562228513340805284781973569538;0;shardId-000000000000
111;20170401000760;1;1;68;0;0;111;49602216899231792204025431562229722266624899411148275714;0;shardId-000000000000
111;20170401000760;2;2;1024;0;0;111;49602216899231792204025431562230931192444514040322981890;0;shardId-000000000000
111;20170401000760;3;3;9190;1;0;111;49602216899231792204025431562232140118264128738217164802;0;shardId-000000000000
111;20170401000760;4;4;92;1;1;111;49602216899231792204025431562233349044083743367391870978;0;shardId-000000000000
111;20170401000765;1;1;63;0;0;111;49602216899231792204025431562234557969903358202725007362;0;shardId-000000000000
